"1697357880,6.543172588908436
1697357940,4.74091724071865
1697358000,3.8213354170642218
1697358060,3.0832734170252323
1697358120,2.8740758704028964
1697358180,3.616432056493143
1697358240,0.9986698540783397
1697358300,1.8478738109052293
1697358360,0.0
1697358420,0.0
1697358480,1.123961213854381
1697358540,0.8665431987211003
1697358600,5.013845372006152
1697358660,3.3547536811300924
1697358720,1.1057989893787874
1697358780,7.297605765412774
1697358840,4.38664462812746
1697358900,6.88631263941196
1697358960,11.148247815989745
1697359020,12.615344754014941
1697359080,3.6634284383701585
1697359140,4.313523110365974
1697359200,15.194024706961404
1697359260,12.660839151225467
1697359320,19.764547079450356
1697359380,20.50416899431484
1697359440,19.534002859198324
1697359500,38.65137652379871
1697359560,43.08883339459851
1697359620,30.739076502025465
1697359680,36.4323878684047
1697359740,41.30588718647129
1697359800,50.59927726289553
1697359860,49.37124911773491
1697359920,61.44009652191893
1697359980,48.58415621129329


1697356800,77.48357076505616
1697356801,74.57047309705023
1697356802,78.76200318758738
1697356803,83.40041825899333
1697356804,74.8761244696133
1697356805,75.13771412132769
1697356806,84.4658270657698
1697356807,80.66812857395533
1697356808,74.74457415363312
1697356809,80.06550805089269
1697356810,75.29612311762902
1697356811,75.54477999447039
1697356812,79.34314219693778
1697356813,68.82648808756862
1697356814,70.02748655149513
1697356815,76.0994239798009
1697356816,74.10506306623044
1697356817,80.99835517096595
1697356818,75.14441248703706
1697356819,72.8799150028017
1697356820,87.52603611505175
1697356821,79.32469953248089
1697356822,81.04641277620601
1697356823,73.83959550839724
1697356824,78.49533355649545
1697356825,82.02508907611235
1697356826,75.96802762827012
1697356827,83.8532677427091
1697356828,79.22260147401776
1697356829,81.01755105743578
1697356830,79.7168917982267
1697356831,92.23537365499644
1697356832,83.1541800447749
1697356833,78.17989336135278
1697356834,87.82702574356132
1697356835,77.8549804887774
1697356836,85.24743179214072
1697356837,74.6476690510628
1697356838,78.04695941681042
1697356839,85.91300344521514
1697356840,88.86074897687205
1697356841,86.26386121245987
1697356842,85.0662408771856
1697356843,84.37525900636174
1697356844,78.72326952778604
1697356845,82.75054145151512
1697356846,84.27920702319761
1697356847,92.09938025282094
1697356848,88.7619333003852
1697356849,78.45739306356485
1697356850,89.12041984697397
1697356851,85.8006239916777
1697356852,84.56606523279846
1697356853,91.23227633162128
1697356854,93.55066748695468
1697356855,93.27237647095667
1697356856,84.63870111497042
1697356857,87.5060225670472
1697356858,90.92415634912861
1697356859,94.35975494417877
1697356860,87.29876011808537
1697356861,88.97732699082131
1697356862,84.58330300152923
1697356863,84.34164322092106
1697356864,94.59132361892875
1697356865,97.51420991910005
1697356866,90.57554913581556
1697356867,96.15410668255888
1697356868,93.1436952249908
1697356869,88.30719786006567
1697356870,93.53524318651353
1697356871,99.61208207439637
1697356872,91.93454745266746
1697356873,100.1267976258302
1697356874,79.39285799238542
1697356875,96.7871820515398
1697356876,93.29705233201094
1697356877,91.54896895012972
1697356878,93.6830195682128
1697356879,83.46458260498889
1697356880,92.4802611977473
1697356881,95.53833959832022
1697356882,101.31434661500148
1697356883,91.50354962449782
1697356884,90.2203630549288
1697356885,91.9198638185016
1697356886,99.16934702165636
1697356887,96.39763085769067
1697356888,92.2644469317697
1697356889,97.63677404534465
1697356890,95.71081260611388
1697356891,100.2214198458783
1697356892,92.01846475895583
1697356893,94.03870362387521
1697356894,93.8624902520917
1697356895,88.64918945797501
1697356896,97.58879952287326
1697356897,97.55259368557104
1697356898,96.40967378722497
1697356899,95.34561500822286
1697356900,89.57378138435891
1697356901,94.67711866417794
1697356902,95.19409441846274
1697356903,93.0211999555167
1697356904,96.34866092245032
1697356905,99.29541738878189
1697356906,106.82372351203797
1697356907,98.38085834921404
1697356908,98.9084282652643
1697356909,97.35867314734587
1697356910,88.2447803645698
1697356911,97.81129626485344
1697356912,98.34772983941764
1697356913,110.4629751826763
1697356914,97.28260732330067
1697356915,99.8472473740981
1697356916,98.25849088877108
1697356917,92.67862903575798
1697356918,104.32352332851212
1697356919,102.45387541367352
1697356920,102.73157264259407
1697356921,94.30907093893322
1697356922,105.94695899298218
1697356923,91.99808682796217
1697356924,102.01334963894281
1697356925,110.1004237862766
1697356926,94.26189740256234
1697356927,96.44686834972704
1697356928,99.83772939726721
1697356929,96.88054077788769
1697356930,91.70037286301448
1697356931,99.8495942395732
1697356932,94.2456626995867
1697356933,101.97285235240696
1697356934,95.0527797555936
1697356935,107.44188053996615
1697356936,95.81554186239352
1697356937,98.15838843075771
1697356938,103.87045361971029
1697356939,93.67999755784014
1697356940,101.00034705722749
1697356941,106.42476288648913
1697356942,91.87490530843148
1697356943,100.85603122327298
1697356944,101.25008218194891
1697356945,103.8748527277509
1697356946,93.79331719808106
1697356947,93.38538094372191
1697356948,102.60422491495564
1697356949,101.48355260030374
1697356950,101.25246425172938
1697356951,101.73087028162269
1697356952,96.59439347897869
1697356953,101.14893249494831
1697356954,101.44343311896488
1697356955,96.39398127873251
1697356956,109.27954076643057
1697356957,102.30202653517038
1697356958,93.95580399522437
1697356959,103.17181715824614
1697356960,94.98963903307023
1697356961,103.76974215872217
1697356962,105.59584542789896
1697356963,95.66528442002753
1697356964,104.54868897029631
1697356965,101.75611314956093
1697356966,103.76020172673508
1697356967,109.0888551125008
1697356968,98.33024068820286
1697356969,95.73809854375561
1697356970,95.00611787021752
1697356971,95.3188676236415
1697356972,98.95396402475849
1697356973,100.98411687182411
1697356974,100.59803302486587
1697356975,103.28406190240682
1697356976,99.14407362933099
1697356977,106.27501252771016
1697356978,97.6097032721119
1697356979,112.45685404585502
1697356980,101.90474964620387
1697356981,94.40842246815824
1697356982,93.25494676563146
1697356983,100.93438130007156
1697356984,97.31473581066804
1697356985,101.90951313289051
1697356986,100.61060027007402
1697356987,97.7826200569655
1697356988,93.81261019937048
1697356989,90.3696295186702
1697356990,95.60606168072991
1697356991,102.01289669779408
1697356992,98.6911450323015
1697356993,91.2792753914949
1697356994,98.25869863524123
1697356995,99.20175000335338
1697356996,92.7358022997747
1697356997,97.80121183135245
1697356998,97.19871059332658
1697356999,91.06549378885163
1697357000,98.43957189635238
1697357001,99.32247330693977
1697357002,101.79936271988905
1697357003,101.51632758484611
1697357004,89.21985129776492
1697357005,91.27763899905999
1697357006,98.39820735379578
1697357007,98.24594411142509
1697357008,98.10396865987283
1697357009,114.64185234648747
1697357010,98.07987741283952
1697357011,100.74826508068085
1697357012,99.68325676807092
1697357013,98.01083156592126
1697357014,93.01599020994426
1697357015,98.22349513889061
1697357016,90.39870499670688
1697357017,92.91080768216602
1697357018,91.4980586521484
1697357019,94.1621474376931
1697357020,105.1519134703024
1697357021,84.06610121503462
1697357022,96.65551663740786
1697357023,84.9804263465108
1697357024,90.50215766187291
1697357025,98.12242251450051
1697357026,92.81298360831146
1697357027,86.91485545711365
1697357028,88.53715910191738
1697357029,95.31988798673991
1697357030,88.07643200038576
1697357031,92.61508958100117
1697357032,91.56337429927171
1697357033,87.87844045506968
1697357034,101.65532019034387
1697357035,93.90260488783599
1697357036,80.40298157366973
1697357037,91.25494791517156
1697357038,86.80604554771743
1697357039,94.16778854812151
1697357040,85.73202761514833
1697357041,88.90834710123247
1697357042,91.79277558701308
1697357043,93.38086041715388
1697357044,82.83330669580472
1697357045,86.94346969617094
1697357046,86.02094331867013
1697357047,84.90724872454838
1697357048,96.77794643573374
1697357049,89.75094394856407
1697357050,81.19558022832479
1697357051,91.8619035756524
1697357052,97.65462283760604
1697357053,91.97609542448208
1697357054,78.98555104822648
1697357055,83.92859212915741
1697357056,92.4504352255563
1697357057,82.34243015621428
1697357058,87.86357942985796
1697357059,89.28019007365673
1697357060,80.5337637190046
1697357061,84.63107048556053
1697357062,68.4815529609572
1697357063,79.32408146379024
1697357064,82.94027306015116
1697357065,77.72028282880827
1697357066,91.87635770270356
1697357067,76.31774111632912
1697357068,81.02144373497966
1697357069,83.62768561888221
1697357070,89.93179130470426
1697357071,75.29670905050499
1697357072,88.04161368438659
1697357073,82.02594295607867
1697357074,76.81545226014188
1697357075,83.78099349887937
1697357076,82.21254565698872
1697357077,77.96225205367055
1697357078,81.05778217771649
1697357079,78.52701305060476
1697357080,80.76537899670024
1697357081,83.25208688208339
1697357082,87.61461694536989
1697357083,73.23804101385534
1697357084,89.83438554118389
1697357085,69.15042262839326
1697357086,77.89315023888237
1697357087,81.33447534328049
1697357088,79.53829017778278
1697357089,74.7599311632187
1697357090,76.57260032990497
1697357091,74.8877031596687
1697357092,74.14512229858683
1697357093,81.07896541329593
1697357094,78.35484041805806
1697357095,72.84385092977033
1697357096,80.54489072039625
1697357097,77.32176658133625
1697357098,79.58787109127874
1697357099,78.4099388125242
1697357100,70.85502494538964
1697357101,71.93730019610902
1697357102,78.21290752853238
1697357103,77.26658235021412
1697357104,73.84860068694928
1697357105,74.2782380104703
1697357106,79.81856149070929
1697357107,70.21118812763005
1697357108,75.6435408225423
1697357109,71.63632890486768
1697357110,71.29838240217256
1697357111,77.62045549761429
1697357112,75.99375090583254
1697357113,75.67465886914557
1697357114,77.87531832171136
1697357115,71.19415758215803
1697357116,74.24054618857227
1697357117,69.02154770904315
1697357118,71.93629889779909
1697357119,69.40785121868342
1697357120,70.2871875545196
1697357121,72.522204092271
1697357122,65.20012483106626
1697357123,79.49859993896278
1697357124,63.752665913380135
1697357125,62.45858080849834
1697357126,74.0675588521187
1697357127,71.98353581883396
1697357128,70.894804161649
1697357129,70.66570773991924
1697357130,67.21334127639176
1697357131,62.539745410119096
1697357132,67.15735662250404
1697357133,63.145743436307164
1697357134,71.16129748404337
1697357135,65.30551435385681
1697357136,61.6694001989205
1697357137,63.94705112127337
1697357138,67.37676761007555
1697357139,62.25267997011061
1697357140,60.720481945272844
1697357141,65.81141625094953
1697357142,65.5803505664168
1697357143,61.58450663883615
1697357144,61.5289289922852
1697357145,64.81048719329951
1697357146,56.17717741451685
1697357147,56.14891200639088
1697357148,59.363937041194944
1697357149,61.660170401062246
1697357150,64.05453782799003
1697357151,69.65074569098847
1697357152,66.33762288168185
1697357153,61.02641246276592
1697357154,61.509249086011636
1697357155,56.37137730143529
1697357156,61.072645588954444
1697357157,59.504622359096054
1697357158,62.34575360957965
1697357159,56.38181597367142
1697357160,62.90210126389404
1697357161,67.7580726908725
1697357162,59.34122138615634
1697357163,61.68588226917029
1697357164,62.922025451597804
1697357165,57.260887864324886
1697357166,60.18486266533484
1697357167,58.9265198108102
1697357168,59.15286539299153
1697357169,54.602154447631364
1697357170,58.39428571232327
1697357171,60.568092214160735
1697357172,65.142040390758
1697357173,62.492774783665865
1697357174,68.27432877472364
1697357175,53.48559265589606
1697357176,61.499786192783304
1697357177,57.872704326232714
1697357178,67.72479898055308
1697357179,52.5560813952309
1697357180,52.22277015216126
1697357181,53.25026003201841
1697357182,45.45564498715706
1697357183,53.27632417573015
1697357184,51.94150562283677
1697357185,56.323319895956764
1697357186,57.11644344573981
1697357187,64.62697888668717
1697357188,59.83887124032535
1697357189,52.045044841910126
1697357190,50.28250178388453
1697357191,57.08140096431867
1697357192,47.87010373655419
1697357193,63.48027947240773
1697357194,60.07416958585395
1697357195,51.68735754084087
1697357196,45.32612921699523
1697357197,60.52204454615546
1697357198,53.043194269724246
1697357199,59.67053088476873
1697357200,45.37722661141719
1697357201,50.22277960722641
1697357202,53.11855149749432
1697357203,53.20231666719891
1697357204,50.59458316182342
1697357205,55.8390865570283
1697357206,47.269103847101704
1697357207,51.780133289838695
1697357208,52.98080184690901
1697357209,54.84129144411703
1697357210,55.719437949379426
1697357211,46.432923898711124
1697357212,44.28285035660937
1697357213,58.24161948924268
1697357214,53.417157912691685
1697357215,47.918056654787186
1697357216,59.32371014031533
1697357217,52.056353947608656
1697357218,57.287076664382106
1697357219,51.64338215681091
1697357220,61.527326717031094
1697357221,59.92069599930909
1697357222,49.82219181930295
1697357223,55.850512612848206
1697357224,54.14781557798428
1697357225,57.69501213043504
1697357226,45.960803668883706
1697357227,54.1519003022513
1697357228,55.95264986241893
1697357229,41.80838351941574
1697357230,44.630017418325984
1697357231,40.297059745656455
1697357232,49.09578455955999
1697357233,53.98282107974876
1697357234,57.86188433371751
1697357235,50.67826538722043
1697357236,58.41126940378175
1697357237,43.330796697139455
1697357238,41.680220270362284
1697357239,49.887942365506994
1697357240,52.0572798604897
1697357241,49.947477144452535
1697357242,39.75046801856301
1697357243,49.62153787182461
1697357244,43.52698428676895
1697357245,53.38262437528584
1697357246,51.85492047801278
1697357247,45.312937059219934
1697357248,47.43614832644539
1697357249,44.70530315641744
1697357250,49.686604513634144
1697357251,54.77708236836839
1697357252,45.07685268145114
1697357253,52.53256856844593
1697357254,47.370641155666334
1697357255,46.06989746982393
1697357256,49.51417998952042
1697357257,44.89092645729168
1697357258,47.31943199202648
1697357259,44.121561421978754
1697357260,59.96057828037511
1697357261,50.34199861984873
1697357262,46.69850492717513
1697357263,51.301203541885016
1697357264,49.70655142747115
1697357265,49.20294348745544
1697357266,53.4209325734545
1697357267,54.182648351005476
1697357268,47.79031299373014
1697357269,47.61412943123355
1697357270,49.171051495896634
1697357271,39.0924751278534
1697357272,43.08457211717823
1697357273,57.55601433948172
1697357274,59.01025953929064
1697357275,49.6066741449914
1697357276,53.80372064533738
1697357277,52.54890863079411
1697357278,66.4614166039745
1697357279,56.74186634426596
1697357280,50.583999135217326
1697357281,46.52808754675823
1697357282,43.358359142775114
1697357283,52.49529895548048
1697357284,47.786196536281196
1697357285,44.549220789581575
1697357286,48.52272343158109
1697357287,46.445495361678155
1697357288,60.38912938565031
1697357289,56.46433314264772
1697357290,52.12150035235189
1697357291,59.668817968273416
1697357292,52.76616522658761
1697357293,48.18560970830385
1697357294,60.22282638036296
1697357295,55.4193871137141
1697357296,47.65867974758735
1697357297,52.01572030795715
1697357298,48.71424173197961
1697357299,46.30565606717358
1697357300,57.98025264304723
1697357301,63.028532527252054
1697357302,46.62305562689163
1697357303,56.56752885878126
1697357304,50.63858901684049
1697357305,51.59760888254092
1697357306,51.21499936105316
1697357307,50.00303179473687
1697357308,54.71387791138154
1697357309,50.467054524730955
1697357310,56.126859269525504
1697357311,54.678372572976436
1697357312,53.89201181506303
1697357313,50.708306380399755
1697357314,52.52380691401233
1697357315,59.34830709270451
1697357316,58.24175486872717
1697357317,51.01732306014118
1697357318,56.57178513585222
1697357319,60.004158876097456
1697357320,48.074352957458274
1697357321,59.31437378390631
1697357322,53.46266551973546
1697357323,59.80898764050675
1697357324,53.32188722646734
1697357325,48.29791996701371
1697357326,49.370704297750045
1697357327,57.93684538654673
1697357328,59.18493486039019
1697357329,53.55651763241144
1697357330,61.46469713491542
1697357331,50.15960305556389
1697357332,58.334085907010774
1697357333,52.808476808088926
1697357334,55.80521971727197
1697357335,59.50398358033614
1697357336,55.169238666622476
1697357337,57.754545937526466
1697357338,64.91648617451283
1697357339,57.209918778243846
1697357340,64.48382925301388
1697357341,54.869436418144936
1697357342,63.38118169746561
1697357343,68.15575865698624
1697357344,48.80698876827995
1697357345,57.39954784727194
1697357346,64.4896907614278
1697357347,60.810878182368086
1697357348,63.905054132528285
1697357349,59.25403867266159
1697357350,62.93294893736451
1697357351,61.94901998266108
1697357352,68.79506845575615
1697357353,64.4583350947797
1697357354,65.10561243237946
1697357355,61.59085267589899
1697357356,61.446089400014344
1697357357,61.956431576593715
1697357358,66.32777842276465
1697357359,62.48805778938865
1697357360,66.28045820758703
1697357361,75.44830672735769
1697357362,69.66773385585589
1697357363,63.923862668699115
1697357364,71.80295579370275
1697357365,64.00042439625972
1697357366,56.095076141065334
1697357367,61.491120439280685
1697357368,57.424374226406144
1697357369,65.2684498473417
1697357370,67.36666703657407
1697357371,75.90616675497425
1697357372,69.40884194520903
1697357373,66.92971970497494
1697357374,72.4240323905358
1697357375,57.47384732739754
1697357376,69.96082561142144
1697357377,72.89098952997033
1697357378,61.8982970183344
1697357379,75.26518918112109
1697357380,71.49468976702808
1697357381,67.98212692101784
1697357382,73.47937646588831
1697357383,81.92634578103241
1697357384,71.7401126073899
1697357385,72.3302413054959
1697357386,69.05111978823847
1697357387,67.35788884181841
1697357388,76.01834824361363
1697357389,67.84615210813399
1697357390,72.74461960440563
1697357391,70.25900493321154
1697357392,75.30295304542406
1697357393,74.83735559824395
1697357394,78.61793673305665
1697357395,71.14151909965265
1697357396,72.60373398030315
1697357397,69.32091244413523
1697357398,72.25497320253552
1697357399,76.62470786231813
1697357400,78.78494308322676
1697357401,70.65096798201802
1697357402,79.87159009761221
1697357403,82.56345827097795
1697357404,78.11406585934849
1697357405,85.69237796886392
1697357406,72.70081699271496
1697357407,70.60768141163369
1697357408,68.19834483878647
1697357409,84.83292939040878
1697357410,80.88503986346163
1697357411,77.59550540776938
1697357412,79.5331739707067
1697357413,72.76544407436572
1697357414,90.88083561214441
1697357415,79.55696753588191
1697357416,79.71619264092702
1697357417,83.05595162748303
1697357418,82.08957902332666
1697357419,81.06085363087381
1697357420,76.24541999321742
1697357421,82.81092282059355
1697357422,90.11889423514155
1697357423,87.69043667023941
1697357424,89.18318031231834
1697357425,78.9143977454071
1697357426,76.77497141408874
1697357427,81.34584305048249
1697357428,82.50441948505525
1697357429,87.94697739875689
1697357430,74.26310171079957
1697357431,90.62173432975482
1697357432,82.43162667556965
1697357433,81.33404265639518
1697357434,78.65377930674454
1697357435,75.68491537930365
1697357436,88.31896673692653
1697357437,84.81260950640369
1697357438,78.23808516259732
1697357439,78.45330340555142
1697357440,83.48949258044436
1697357441,93.75212743295698
1697357442,84.34652553230879
1697357443,78.36506271871767
1697357444,84.88716415919345
1697357445,84.98614464475031
1697357446,73.09796766328866
1697357447,86.54229478913729
1697357448,85.88916920149948
1697357449,90.75362566444561
1697357450,96.74478047472671
1697357451,93.35886054149806
1697357452,86.60623178155409
1697357453,82.64126534370861
1697357454,101.26246889072422
1697357455,88.91206804544811
1697357456,88.90443519064831
1697357457,88.93145901075326
1697357458,90.25826299595008
1697357459,88.76022724894725
1697357460,86.82632127291063
1697357461,87.17132716793843
1697357462,89.95121152047938
1697357463,87.60555248565558
1697357464,86.96446559357196
1697357465,91.26516091470542
1697357466,89.66071365661296
1697357467,98.65640713601219
1697357468,78.08066605778757
1697357469,96.99033089270361
1697357470,97.9586911214596
1697357471,81.55494808002575
1697357472,90.40023967781548
1697357473,90.4463750167812
1697357474,85.45402503924502
1697357475,88.7885860917093
1697357476,87.30893776349095
1697357477,101.80535791957716
1697357478,97.90260765127259
1697357479,99.76020265296417
1697357480,97.18698095715104
1697357481,88.10751788467533
1697357482,91.30227505989502
1697357483,96.54177352200564
1697357484,88.152192024935
1697357485,97.9936411872862
1697357486,93.39070944235533
1697357487,92.87977127164427
1697357488,98.46804779162235
1697357489,97.29175343720806
1697357490,93.42059403027831
1697357491,101.1748439100351
1697357492,90.1234135903431
1697357493,98.75669239158535
1697357494,98.7885373075944
1697357495,94.41903200206565
1697357496,97.73886324876096
1697357497,89.99174944274509
1697357498,101.00424160004717
1697357499,95.59403999288364
1697357500,94.03701999201576
1697357501,102.02539140718919
1697357502,93.38594854838279
1697357503,89.990279819807
1697357504,89.37194361316082
1697357505,100.3052128614374
1697357506,90.9906472435039
1697357507,106.28194019497666
1697357508,87.21102927223188
1697357509,106.2131845676269
1697357510,98.8937237770781
1697357511,97.46030008274757
1697357512,95.32198335566778
1697357513,100.14244519201023
1697357514,98.05623863508204
1697357515,103.85602007251265
1697357516,99.00318798060749
1697357517,99.27352803116503
1697357518,96.79134819486775
1697357519,98.4094821316343
1697357520,100.31542175183914
1697357521,90.30516624962378
1697357522,92.19206032777312
1697357523,102.72366261203715
1697357524,99.93339136058117
1697357525,98.22822897546331
1697357526,99.30674869354274
1697357527,101.01626552454925
1697357528,96.6406741702822
1697357529,95.50639542145711
1697357530,100.43291629383356
1697357531,94.61491547746787
1697357532,101.59844504678958
1697357533,91.09197217804184
1697357534,104.79567911339085
1697357535,102.05519592694365
1697357536,101.01195699564408
1697357537,104.68215093151366
1697357538,108.13023975517483
1697357539,104.90616946510056
1697357540,90.65867622754861
1697357541,93.4911642813985
1697357542,96.7882285927592
1697357543,100.06331718166562
1697357544,102.5389633130524
1697357545,96.33701930309702
1697357546,100.91190457485686
1697357547,96.21074934737668
1697357548,96.9369280719114
1697357549,92.9653237498967
1697357550,95.38383376944547
1697357551,93.24020620605614
1697357552,95.11515082198447
1697357553,105.25587299218249
1697357554,95.23107630831176
1697357555,113.1276486930513
1697357556,102.41725771511125
1697357557,100.85704254908582
1697357558,95.62053258033154
1697357559,103.39059851212195
1697357560,96.98485825301796
1697357561,100.44436821323671
1697357562,112.60329022420592
1697357563,99.28839651316284
1697357564,105.47817495550308
1697357565,96.17632638924901
1697357566,99.47495847427781
1697357567,108.4588933774086
1697357568,96.42234597927839
1697357569,108.5690221555277
1697357570,102.99244969562251
1697357571,96.58558516899734
1697357572,102.50151126710661
1697357573,104.14112924587455
1697357574,102.32362883930176
1697357575,91.29702205777443
1697357576,95.44337829081712
1697357577,97.76974896416606
1697357578,98.56082029280147
1697357579,101.9593687006603
1697357580,99.66491791204511
1697357581,92.01748845668914
1697357582,100.51039851096684
1697357583,101.57494795027475
1697357584,101.23100197695248
1697357585,103.74341429020315
1697357586,102.41402291995081
1697357587,100.44266501639207
1697357588,97.69575023241927
1697357589,89.63906097451957
1697357590,99.98672753672795
1697357591,98.76934116199227
1697357592,98.97857049762735
1697357593,91.1242264059533
1697357594,91.98751130394402
1697357595,102.54092737137373
1697357596,96.9573137114971
1697357597,100.44008978848794
1697357598,97.0492588817489
1697357599,96.92912597548347
1697357600,101.34205412449094
1697357601,93.93832703401172
1697357602,96.86471038871758
1697357603,93.93594088114637
1697357604,93.93571700038879
1697357605,94.42090358129242
1697357606,96.93369987592106
1697357607,93.28327124854667
1697357608,101.80751085621021
1697357609,90.90515838211635
1697357610,94.29106663856689
1697357611,92.87178158840698
1697357612,102.14813737237357
1697357613,95.73664919195015
1697357614,99.75155913048916
1697357615,87.00084717123941
1697357616,95.59808239874103
1697357617,98.54305469398327
1697357618,94.33629633767103
1697357619,99.08017861608826
1697357620,90.99217838643303
1697357621,100.44916437892125
1697357622,104.71870630363152
1697357623,91.22981290026077
1697357624,90.63430438381624
1697357625,99.94459191525218
1697357626,100.3894442414877
1697357627,89.68927921099385
1697357628,90.01274356273797
1697357629,90.51297619776399
1697357630,85.00601260380009
1697357631,86.9395369006703
1697357632,86.3148112659923
1697357633,87.29745436757811
1697357634,90.76217530678333
1697357635,91.90408343892855
1697357636,98.28119697102814
1697357637,85.33090613763045
1697357638,95.03658986394231
1697357639,88.83567765301288
1697357640,89.44731275904967
1697357641,92.8561267694
1697357642,83.65422908429929
1697357643,90.96413317722349
1697357644,89.66704977214887
1697357645,91.07823219541643
1697357646,89.84151309401402
1697357647,100.45039558697141
1697357648,84.76197531307167
1697357649,85.07105061875022
1697357650,84.3842973678762
1697357651,84.49520824457726
1697357652,83.85690621601032
1697357653,92.75885177726411
1697357654,93.68492211794579
1697357655,83.49603102474127
1697357656,81.95410161410204
1697357657,88.23785526624023
1697357658,82.88336706772196
1697357659,88.57167889528759
1697357660,86.18303118115152
1697357661,77.3499766908834
1697357662,92.4254156679529
1697357663,93.42540803593931
1697357664,81.13917036469502
1697357665,82.02069093895255
1697357666,85.14362813666989
1697357667,85.14073195606741
1697357668,86.51438753182875
1697357669,93.02500542628349
1697357670,81.84068872190345
1697357671,78.48453358370992
1697357672,75.3291987835392
1697357673,78.32012745127115
1697357674,81.55736065101269
1697357675,90.44326544515195
1697357676,78.6291906839405
1697357677,82.082276197659
1697357678,80.62665727240264
1697357679,86.39554740215401
1697357680,92.8324543998121
1697357681,77.28708964487656
1697357682,77.23733565205204
1697357683,84.64792289333498
1697357684,82.57867611603413
1697357685,88.14439825468592
1697357686,81.57171664069011
1697357687,76.59642885692229
1697357688,81.08660499256915
1697357689,83.41694666523621
1697357690,81.71562248767817
1697357691,79.88907798849934
1697357692,82.42531953125368
1697357693,82.67743288041919
1697357694,83.48055794342052
1697357695,79.55194834402182
1697357696,75.2113009416457
1697357697,76.51883740911983
1697357698,81.5561053296257
1697357699,71.17711624796996
1697357700,76.84336654436451
1697357701,72.77151133545708
1697357702,74.62016361759017
1697357703,80.6069903360833
1697357704,74.90860399686956
1697357705,73.9237838347072
1697357706,66.63095630686759
1697357707,76.9003129019453
1697357708,76.1354748223975
1697357709,83.46356578356442
1697357710,70.84789724354366
1697357711,73.22232287599805
1697357712,73.11358757944619
1697357713,79.49437708795976
1697357714,70.87144662400496
1697357715,72.48424600284595
1697357716,73.87026388068018
1697357717,71.50592710779223
1697357718,68.08329906260423
1697357719,71.02901645501339
1697357720,75.17036647885486
1697357721,64.41384246803113
1697357722,69.956076617968
1697357723,65.53605948583963
1697357724,74.75798596550284
1697357725,60.91358934851812
1697357726,65.48239524826045
1697357727,69.91128172434192
1697357728,75.60182522255992
1697357729,67.19522888823289
1697357730,64.49857750716033
1697357731,76.43180261475119
1697357732,59.5382643294542
1697357733,55.53752221076733
1697357734,68.48577106722131
1697357735,63.53053013960444
1697357736,60.690722097229504
1697357737,69.09576256603512
1697357738,66.53111390755343
1697357739,62.25090958044683
1697357740,58.430061929750515
1697357741,68.95526683489071
1697357742,67.60652360066648
1697357743,63.623343196794906
1697357744,73.11730550061516
1697357745,58.299813674880596
1697357746,55.789973267379764
1697357747,59.726690528867444
1697357748,62.72822806567966
1697357749,63.94410340623494
1697357750,61.29381971071833
1697357751,64.0342415888122
1697357752,55.79162764471953
1697357753,69.04492813294935
1697357754,61.19357423356224
1697357755,66.97050328256498
1697357756,62.87883800080494
1697357757,63.231681649465656
1697357758,63.58099720905024
1697357759,62.75651349151964
1697357760,63.5189824920259
1697357761,66.74014077652174
1697357762,60.86762797694797
1697357763,63.22234244661816
1697357764,59.0226270216061
1697357765,66.46757630100143
1697357766,55.68243874598642
1697357767,67.86825997145534
1697357768,58.46369514702565
1697357769,51.31332785631848
1697357770,58.912256915582525
1697357771,54.67284247055909
1697357772,62.08954009672639
1697357773,54.433300756727874
1697357774,55.27749932109197
1697357775,47.87462681560865
1697357776,54.876651412934535
1697357777,44.83659766439618
1697357778,48.85627019703612
1697357779,60.399646102728134
1697357780,60.35038015631932
1697357781,58.374511068163365
1697357782,51.24024289306003
1697357783,55.66654250342404
1697357784,55.71915623515243
1697357785,49.779527517613026
1697357786,62.92465507568975
1697357787,59.6329361434861
1697357788,53.98193118024679
1697357789,55.06399231519481
1697357790,55.81648918036408
1697357791,44.4131307646647
1697357792,53.23538285905442
1697357793,50.91306440314695
1697357794,49.168868932772924
1697357795,52.62773433693462
1697357796,62.88023449669724
1697357797,56.95689698166345
1697357798,50.75999854707335
1697357799,56.34436323168221
1697357800,60.34614208831906
1697357801,57.84282313655911
1697357802,53.39048484850429
1697357803,49.73272980984733
1697357804,56.336027087287576
1697357805,54.69226382239954
1697357806,57.08317209415334
1697357807,55.66788972335502
1697357808,57.627087264946184
1697357809,49.59292121602045
1697357810,58.748333887106625
1697357811,53.04413238136249
1697357812,62.32972557341381
1697357813,48.40729628930231
1697357814,60.435406868619964
1697357815,52.65004325488319
1697357816,48.31086024463047
1697357817,49.05855160587276
1697357818,49.788854203091375
1697357819,53.42661948176993
1697357820,53.837764532798666
1697357821,48.27549176740019
1697357822,50.94523960039342
1697357823,61.70400965113575
1697357824,59.55865168056211
1697357825,53.03347269114345
1697357826,50.97543836262522
1697357827,51.321799635850404
1697357828,53.728117291823075
1697357829,45.488118125539295
1697357830,49.259427294538135
1697357831,42.15030026506901
1697357832,52.438934344809184
1697357833,53.631089499282666
1697357834,47.93416676174051
1697357835,58.177725301571726
1697357836,44.13936336091359
1697357837,42.90942958716481
1697357838,51.31939155993791
1697357839,55.40117237305086
1697357840,58.556591073082515
1697357841,47.8165295705783
1697357842,55.48108268591887
1697357843,49.874595721885015
1697357844,49.186195289589115
1697357845,54.45256131856901
1697357846,53.283543639595635
1697357847,42.130375205935465
1697357848,57.38818466175834
1697357849,56.901827536599455
1697357850,46.87218649245235
1697357851,51.98038843304924
1697357852,52.47563384454255
1697357853,51.31570481997625
1697357854,47.27040347830144
1697357855,46.676144791445395
1697357856,49.921561434335985
1697357857,55.93078316568537
1697357858,52.80567929173455
1697357859,48.25787922449247
1697357860,53.995446169034885
1697357861,35.92296775683971
1697357862,55.94096096899857
1697357863,41.532735094323414
1697357864,48.45598696890963
1697357865,44.70944201199084
1697357866,43.87669169463285
1697357867,56.19924373766155
1697357868,48.10431272522333
1697357869,52.225740043110534
1697357870,50.311707087258945
1697357871,52.987285087646924
1697357872,51.04463688347227
1697357873,44.306681881316244
1697357874,55.76675506901992
1697357875,48.38307142696672
1697357876,43.138026336759786
1697357877,48.85208205324685
1697357878,58.57081151486986
1697357879,55.39510049766054
1697357880,49.48032642058186
1697357881,49.55950122816822
1697357882,49.78241548797606
1697357883,61.86172069394856
1697357884,53.47762752386046
1697357885,53.8106975735253
1697357886,56.907005122952924
1697357887,53.04718117488269
1697357888,50.65821048118397
1697357889,51.07438511247557
1697357890,51.80335726186466
1697357891,52.08298609127407
1697357892,56.01747140653441
1697357893,52.751760143981656
1697357894,56.27040638009257
1697357895,52.32125399474788
1697357896,53.23808647080008
1697357897,42.97641027571464
1697357898,57.67397137241579
1697357899,54.95209710148522
1697357900,58.339415454687305
1697357901,39.00017243393296
1697357902,64.05776701989096
1697357903,53.05473453455254
1697357904,59.43271594613721
1697357905,48.83370616573673
1697357906,57.24083850756034
1697357907,49.05590782726767
1697357908,51.35242496817836
1697357909,64.19196187612006
1697357910,53.82116313680958
1697357911,56.016727486120764
1697357912,59.437090702838866
1697357913,57.72453413047075
1697357914,56.15975809257189
1697357915,57.39615597590685
1697357916,67.75424685679663
1697357917,55.617005298966
1697357918,57.08061884228093
1697357919,61.50049523927655
1697357920,61.949009027855034
1697357921,62.53272434980853
1697357922,59.969435424610644
1697357923,51.24096973388852
1697357924,65.30534067068538
1697357925,51.59060350524288
1697357926,59.02159381336103
1697357927,53.92504140314302
1697357928,57.56563061881779
1697357929,59.72191280945087
1697357930,59.8785209182799
1697357931,60.576807138085094
1697357932,66.73304124554059
1697357933,61.13122931447115
1697357934,57.84361707982951
1697357935,64.08742606519584
1697357936,65.41865793766546
1697357937,53.53928458299062
1697357938,62.8720224776899
1697357939,63.60024183741407
1697357940,58.817551175888205
1697357941,67.39650475799111
1697357942,59.98188287272657
1697357943,61.57579782105444
1697357944,60.29985214749706
1697357945,61.46191936253165
1697357946,56.12295469104906
1697357947,54.62585069961159
1697357948,70.0218500817966
1697357949,58.039157864649056
1697357950,57.54303825271843
1697357951,51.960455591602894
1697357952,59.76134940900958
1697357953,56.57078191123615
1697357954,71.62767492268533
1697357955,68.69932295322451
1697357956,60.44336879448819
1697357957,75.38140154241333
1697357958,69.26434514583116
1697357959,62.96882327594685
1697357960,52.334555348737105
1697357961,76.52601559708415
1697357962,58.36424800487943
1697357963,57.32698659475383
1697357964,70.90973834293125
1697357965,78.23956329306388
1697357966,73.20706290950721
1697357967,69.35109759412951
1697357968,69.75210553986182
1697357969,71.29309506144979
1697357970,71.06921808956012
1697357971,68.92993731344468
1697357972,68.29521059614756
1697357973,67.71225670952165
1697357974,64.50718154028495
1697357975,67.12614848810311
1697357976,60.31796874990173
1697357977,68.54496542656173
1697357978,64.348272711479
1697357979,64.02847237900757
1697357980,70.70167848532341
1697357981,77.01857792224482
1697357982,74.90705016536842
1697357983,62.720378473894485
1697357984,65.88264064924574
1697357985,75.79299431393527
1697357986,66.43548731824815
1697357987,70.4839449391573
1697357988,74.61692965601516
1697357989,67.28484896336015
1697357990,72.91366594903845
1697357991,65.97716469244611
1697357992,69.90121569693603
1697357993,74.76795474252187
1697357994,65.46526834410878
1697357995,75.89397478372837
1697357996,73.85491966213661
1697357997,76.97718079513253
1697357998,75.5960101732394
1697357999,81.55890754696308
1697358000,75.62612251323952
1697358001,73.11476689727985
1697358002,76.13504801224533
1697358003,78.50175912213513
1697358004,76.29119169485848
1697358005,76.51135736209297
1697358006,73.05980454919903
1697358007,73.51645034043607
1697358008,70.0789197243094
1697358009,86.10059154889757
1697358010,71.39389540473492
1697358011,74.40890277334212
1697358012,74.54129451126158
1697358013,82.86751119557982
1697358014,77.17732732260014
1697358015,85.14957198937441
1697358016,75.80176554668317
1697358017,80.82208931910857
1697358018,75.50779759834433
1697358019,90.66717914834508
1697358020,74.25980017529643
1697358021,82.0026845860487
1697358022,83.87765615742687
1697358023,83.03233192672198
1697358024,80.29080888473281
1697358025,80.82137262889587
1697358026,81.94205287527716
1697358027,81.23976764283829
1697358028,87.04519050758633
1697358029,93.52863481435894
1697358030,79.9379659343345
1697358031,76.12496783455637
1697358032,82.7802559267083
1697358033,96.36699469440386
1697358034,79.6959283431967
1697358035,92.15478276585283
1697358036,92.59161788749913
1697358037,81.67807846192167
1697358038,87.53280505722894
1697358039,93.07068038151218
1697358040,83.27277737195756
1697358041,84.38911800599821
1697358042,82.73607771938362
1697358043,80.80699383084385
1697358044,82.86949175429314
1697358045,80.23006115967736
1697358046,86.75281821929266
1697358047,82.96390296643311
1697358048,88.21277141149659
1697358049,79.49311560936037
1697358050,89.1544011610723
1697358051,91.8936802018039
1697358052,77.98199702147096
1697358053,90.04417773665482
1697358054,94.53401483684138
1697358055,82.56777078191962
1697358056,97.19765066527209
1697358057,91.14717949313348
1697358058,85.74277991331873
1697358059,89.2031839202784
1697358060,92.48626586992043
1697358061,90.28564883120247
1697358062,92.80875783379122
1697358063,85.71930837592757
1697358064,91.37549862713816
1697358065,83.66443729172103
1697358066,90.37946943697374
1697358067,86.61690398577478
1697358068,87.65786538680379
1697358069,97.71326250914346
1697358070,97.18481576194277
1697358071,94.96758984660238
1697358072,86.65211382485433
1697358073,90.72153709828616
1697358074,98.55707201273005
1697358075,93.38625409786322
1697358076,104.45846469072855
1697358077,95.01059489943088
1697358078,94.18446126798541
1697358079,91.85684485698084
1697358080,94.24632516084624
1697358081,92.99042755885874
1697358082,97.46541977473686
1697358083,98.87841229983898
1697358084,90.33288376685499
1697358085,87.77248426863537
1697358086,85.41130956762952
1697358087,97.29383194395497
1697358088,89.39641491973553
1697358089,84.30598391501543
1697358090,97.16831788202849
1697358091,107.8431924803778
1697358092,95.4983756706431
1697358093,99.86946822912225
1697358094,96.23217781049033
1697358095,95.47231593267989
1697358096,100.70358055248921
1697358097,94.79594460372834
1697358098,97.72106807437218
1697358099,98.12703970607865
1697358100,93.3101828263957
1697358101,101.74055702568734
1697358102,96.03286821761952
1697358103,93.25386050416058
1697358104,99.83763869863238
1697358105,92.78282319575402
1697358106,97.53369979283097
1697358107,97.4623743018338
1697358108,103.05015414080837
1697358109,100.10439389057646
1697358110,97.71350164733929
1697358111,102.03269713810096
1697358112,104.99761653479906
1697358113,100.93581615200917
1697358114,98.29617524642318
1697358115,91.78032950067923
1697358116,93.10648142192042
1697358117,96.99589570208231
1697358118,95.5618482451406
1697358119,97.75935373531242
1697358120,99.05966253186436
1697358121,101.50447198469057
1697358122,98.58049354800622
1697358123,101.43985036105457
1697358124,99.40143624399205
1697358125,89.27081282545736
1697358126,94.517902059122
1697358127,98.55791921913283
1697358128,93.29099885762348
1697358129,102.3975626984497
1697358130,107.10744418006362
1697358131,105.60058862402963
1697358132,98.48996691356618
1697358133,107.05852088348081
1697358134,100.39323821277317
1697358135,98.00677865928824
1697358136,96.66479500637001
1697358137,98.25634757934544
1697358138,97.8619834401558
1697358139,100.68640025188735
1697358140,100.66591728945615
1697358141,99.90427921584407
1697358142,102.09701232996935
1697358143,105.88609330454315
1697358144,104.69843888791341
1697358145,92.54124852661484
1697358146,87.20846507796168
1697358147,104.65926356533966
1697358148,93.16012359479403
1697358149,98.8748022246744
1697358150,94.1494348697032
1697358151,90.98872704623771
1697358152,102.70183072789509
1697358153,103.78343981065652
1697358154,97.09551874883788
1697358155,87.01052690813981
1697358156,97.21944596944438
1697358157,101.89188195762418
1697358158,92.51776363736695
1697358159,100.80584871397278
1697358160,99.78649813834186
1697358161,102.73077663801536
1697358162,100.40076937493272
1697358163,94.90335130737832
1697358164,105.71466583239717
1697358165,98.89956064974359
1697358166,99.51337822921296
1697358167,94.93855040386507
1697358168,97.34077001225967
1697358169,95.08276579540853
1697358170,98.58895971872803
1697358171,107.9564614491804
1697358172,92.47996685717223
1697358173,91.21055000835722
1697358174,106.57043066568383
1697358175,98.10152727146739
1697358176,95.73370047664187
1697358177,104.20686557890396
1697358178,95.90490973961738
1697358179,107.98605678064159
1697358180,102.16604226407517
1697358181,96.25465320951113
1697358182,109.39595032226454
1697358183,95.49344460883894
1697358184,102.14252659734385
1697358185,99.8359735644625
1697358186,104.75311859420029
1697358187,105.95432060388414
1697358188,98.20659953504136
1697358189,94.17677629036862
1697358190,100.1384971557606
1697358191,94.34232587741617
1697358192,107.68761254928361
1697358193,98.19064594046853
1697358194,95.56618624942476
1697358195,98.19856463403374
1697358196,90.41945803313189
1697358197,92.17451610907158
1697358198,102.90973654081874
1697358199,93.49587388314777
1697358200,91.41608018120128
1697358201,99.20181443773502
1697358202,102.31262727732764
1697358203,99.84208387799694
1697358204,101.08843656657946
1697358205,92.18278875578828
1697358206,88.7139776840433
1697358207,103.18368261664148
1697358208,93.91533103413197
1697358209,94.12402981093864
1697358210,101.866395568619
1697358211,97.85158692678117
1697358212,97.19268681101295
1697358213,105.57888703389766
1697358214,91.3747452812453
1697358215,99.06784967683046
1697358216,94.54789669388015
1697358217,95.43786211018238
1697358218,101.56721852335659
1697358219,96.29195552220959
1697358220,96.27010103218305
1697358221,98.76496386454238
1697358222,91.3994520378209
1697358223,88.84795736576403
1697358224,87.63777102071491
1697358225,82.8458865827837
1697358226,102.77261916253575
1697358227,86.78753751815174
1697358228,91.00740953028838
1697358229,90.53783274262193
1697358230,93.26529864801695
1697358231,95.61148269578783
1697358232,95.63788254155138
1697358233,88.2210550002541
1697358234,90.09999117478519
1697358235,92.14590952868743
1697358236,89.28523887604005
1697358237,98.35940422142438
1697358238,92.56985262975061
1697358239,93.58001080438953
1697358240,93.0090376506489
1697358241,95.34939859599359
1697358242,90.17294698562937
1697358243,82.56792470652405
1697358244,90.83322848984685
1697358245,85.35919140641654
1697358246,85.75258646572613
1697358247,91.10571498119245
1697358248,94.14209059149644
1697358249,87.83239327743958
1697358250,89.04416506299486
1697358251,95.78366856355473
1697358252,88.2476077499857
1697358253,99.82218469262833
1697358254,89.40994910615429
1697358255,77.5459486977096
1697358256,89.88258758514586
1697358257,87.78656940872206
1697358258,92.09324605954059
1697358259,88.77292656285982
1697358260,84.47613615697611
1697358261,78.80720608442273
1697358262,83.64277337487246
1697358263,80.19341739941517
1697358264,81.30049656809334
1697358265,86.90209076073553
1697358266,92.06382370480245
1697358267,85.4418056552472
1697358268,77.24225085828864
1697358269,85.1969960735525
1697358270,88.70858229260196
1697358271,79.42710528480524
1697358272,81.55570909024723
1697358273,82.04821862462674
1697358274,77.79850394997044
1697358275,84.71187829678233
1697358276,80.61250643608244
1697358277,83.0609986589997
1697358278,76.27131086375591
1697358279,78.2662895332965
1697358280,83.80969905958288
1697358281,78.07726774901934
1697358282,88.31935212081012
1697358283,77.42893757991662
1697358284,80.29264229666201
1697358285,83.57381578537122
1697358286,71.56024704939514
1697358287,69.58884525095371
1697358288,70.50504926625717
1697358289,84.18634927945759
1697358290,74.85392085222908
1697358291,90.14370426130417
1697358292,74.27070809002096
1697358293,77.75371144417596
1697358294,84.28031275107226
1697358295,86.33886334686923
1697358296,86.35440922641197
1697358297,81.82710012991893
1697358298,80.64387312614122
1697358299,78.22442934891211
1697358300,78.8918053808332
1697358301,71.98227681545117
1697358302,70.38544508580459
1697358303,74.19785873599204
1697358304,73.10218554414536
1697358305,71.42546084729007
1697358306,76.91217424905076
1697358307,77.94557111466176
1697358308,73.35008834815136
1697358309,80.03494257231343
1697358310,66.67834284764119
1697358311,71.15827394127976
1697358312,68.28255755787836
1697358313,62.27442760377714
1697358314,70.93452085672622
1697358315,70.4804008320778
1697358316,78.39803004830816
1697358317,73.72693991478432
1697358318,65.19453301371085
1697358319,79.3290293221928
1697358320,75.90737620718276
1697358321,72.45690748242957
1697358322,68.15880775298446
1697358323,64.23946737691807
1697358324,66.92171894052342
1697358325,73.97326697095794
1697358326,77.6999360142914
1697358327,75.74143999038026
1697358328,65.32995796745688
1697358329,61.92589302715274
1697358330,67.9790063751824
1697358331,58.183820439733985
1697358332,68.39417240245942
1697358333,65.79353906237439
1697358334,63.955516307613436
1697358335,58.06728592503356
1697358336,68.36488671573161
1697358337,62.890476131228766
1697358338,59.462526160146
1697358339,50.709991667722264
1697358340,64.69400939785177
1697358341,73.45423817683874
1697358342,72.66181378361253
1697358343,61.833741232760545
1697358344,60.87306021856793
1697358345,65.99410878688649
1697358346,58.425671926062044
1697358347,64.69519037737096
1697358348,66.78655953938056
1697358349,68.86207227904303
1697358350,61.999229617600264
1697358351,61.25559585535585
1697358352,57.659411831888995
1697358353,57.69170334238375
1697358354,60.47193566601746
1697358355,63.220851658705236
1697358356,65.73313440008269
1697358357,56.93202080029506
1697358358,68.1956036526868
1697358359,59.16235268622018
1697358360,60.19853222094601
1697358361,56.35831973012052
1697358362,47.76382082707589
1697358363,64.09755064048089
1697358364,63.1555249785044
1697358365,57.860352438163005
1697358366,59.39935384240714
1697358367,61.4432538954217
1697358368,50.851755615814696
1697358369,55.82193998017722
1697358370,62.24305823913768
1697358371,51.806653642087255
1697358372,59.35411201261596
1697358373,50.91351163012277
1697358374,59.84056639933355
1697358375,57.14412305884889
1697358376,49.06252392965238
1697358377,62.77969106982682
1697358378,53.10282643047444
1697358379,52.54631063693478
1697358380,57.42422534921985
1697358381,61.990410006382085
1697358382,50.99601451381412
1697358383,56.21349853337382
1697358384,57.88125143225812
1697358385,59.036878999891485
1697358386,56.28987134324012
1697358387,53.410985495191134
1697358388,50.94880094615151
1697358389,55.36028253545399
1697358390,49.41388008069832
1697358391,40.01505268931311
1697358392,56.65406879244574
1697358393,58.84265984856694
1697358394,42.362306804538335
1697358395,48.984582277814695
1697358396,56.987573167475645
1697358397,64.0401600238869
1697358398,53.719862034364375
1697358399,49.841434618755756
1697358400,52.43488269986481
1697358401,60.094036817736225
1697358402,49.86251210328072
1697358403,48.97145366512393
1697358404,50.43119290830948
1697358405,47.95819385399726
1697358406,53.22055757398864
1697358407,60.615423007292996
1697358408,53.99472005392966
1697358409,51.007329763191855
1697358410,50.702307214357276
1697358411,44.24018031441717
1697358412,56.36897009602331
1697358413,51.46404939468612
1697358414,50.85318828484059
1697358415,67.62602717679427
1697358416,53.06171480453116
1697358417,47.71902552566843
1697358418,49.258802763035284
1697358419,57.04801829574413
1697358420,51.78993914530999
1697358421,43.95260189550625
1697358422,55.66315723457432
1697358423,47.65193743038147
1697358424,60.28742471114627
1697358425,56.25209467134653
1697358426,48.548811493490476
1697358427,57.126724810934675
1697358428,50.999804980808
1697358429,54.86594932714243
1697358430,52.96997406812723
1697358431,46.261437359502594
1697358432,47.22506957019549
1697358433,55.544913888674756
1697358434,48.67622241270468
1697358435,48.28954916891157
1697358436,45.49257877917853
1697358437,52.34929931618122
1697358438,60.50975706335379
1697358439,44.82801628871873
1697358440,50.258049899156966
1697358441,57.172053662000145
1697358442,49.68947156253382
1697358443,52.32899705063722
1697358444,44.73736414855881
1697358445,52.1757971171739
1697358446,49.08620792250579
1697358447,54.940985969256026
1697358448,55.94241317095261
1697358449,62.949188975955266
1697358450,52.89816586606788
1697358451,51.63035234877303
1697358452,50.977404421015535
1697358453,48.24650452680327
1697358454,51.714348464836995
1697358455,48.5572545804405
1697358456,50.891636670641276
1697358457,56.65512574742834
1697358458,45.054965692364185
1697358459,55.810343690568224
1697358460,56.72252795249249
1697358461,49.5753382250347
1697358462,39.58785797209508
1697358463,47.19219405274175
1697358464,56.75316440873083
1697358465,50.193451173627146
1697358466,45.35358791176284
1697358467,47.87123519462785
1697358468,54.64591886430554
1697358469,53.226888475463845
1697358470,49.35164948580638
1697358471,48.76795889245787
1697358472,48.70173668295188
1697358473,46.109592079766585
1697358474,58.86229941913143
1697358475,49.24025199671661
1697358476,57.00672843418602
1697358477,58.599238117688685
1697358478,56.05856705243809
1697358479,48.98589022350283
1697358480,53.2422375443042
1697358481,51.18481171780577
1697358482,46.87208144041232
1697358483,53.099777184752384
1697358484,45.6727513069037
1697358485,57.598886279877775
1697358486,49.43250136630177
1697358487,52.85903365911432
1697358488,53.36986056801821
1697358489,50.76160948938006
1697358490,55.094832566311354
1697358491,49.894578990710656
1697358492,56.73581017563572
1697358493,45.762132313711405
1697358494,53.23910389174675
1697358495,62.41948189058223
1697358496,47.843253896191754
1697358497,49.57868884575097
1697358498,55.66187224719796
1697358499,54.117563631693265
1697358500,55.10251540175679
1697358501,55.927384975639725
1697358502,56.78950083879617
1697358503,59.3011818851095
1697358504,55.940895147092164
1697358505,52.8269475282717
1697358506,57.53983748826117
1697358507,63.82239531761203
1697358508,53.808101039744564
1697358509,49.7491585834329
1697358510,60.30997848706119
1697358511,54.3276573004541
1697358512,44.22340431932491
1697358513,59.48323307635984
1697358514,52.73102263708437
1697358515,55.118684552054894
1697358516,57.39707058345035
1697358517,56.857597683029276
1697358518,59.622382694401274
1697358519,54.069791406389335
1697358520,58.98690835394553
1697358521,55.29983943408707
1697358522,60.46983671890217
1697358523,60.03283171760621
1697358524,52.46098949895692
1697358525,62.75224105121144
1697358526,54.82859926159558
1697358527,61.736709644645565
1697358528,59.72275891878948
1697358529,67.26901914190908
1697358530,57.15440492916933
1697358531,56.72061938631767
1697358532,58.56738687080872
1697358533,57.34765889272979
1697358534,63.064109765993
1697358535,51.1854371815711
1697358536,54.20289339731044
1697358537,54.33830905077957
1697358538,64.63656008830851
1697358539,68.64744498876922
1697358540,59.783122600000794
1697358541,59.673862075483015
1697358542,61.082421623455076
1697358543,66.75730706673771
1697358544,56.52844559796346
1697358545,62.575869038298244
1697358546,66.48031827443721
1697358547,64.33157596228224
1697358548,62.99723284866541
1697358549,67.27919506907644
1697358550,48.98383853500381
1697358551,66.116782757276
1697358552,59.68577973182004
1697358553,54.03306639399132
1697358554,65.97361211962837
1697358555,70.51853023232604
1697358556,63.19687794723834
1697358557,68.88359525170648
1697358558,72.41690900081637
1697358559,71.16755246141015
1697358560,73.03140656996197
1697358561,68.78194018948994
1697358562,65.68927853320537
1697358563,57.54415127005254
1697358564,64.56657374223326
1697358565,61.824568284786544
1697358566,77.14041240444361
1697358567,65.65212293170603
1697358568,67.39435786545782
1697358569,69.78344414775054
1697358570,67.49258737248861
1697358571,75.99923539575161
1697358572,64.66095826771594
1697358573,68.99825962520546
1697358574,64.56465155612815
1697358575,61.9294113163334
1697358576,65.72390736635222
1697358577,68.85147957529333
1697358578,67.14471712464729
1697358579,66.08431406571712
1697358580,62.7706204111968
1697358581,69.6430386273784
1697358582,62.791865265201885
1697358583,74.37316131045843
1697358584,71.24298009676993
1697358585,63.80138087666962
1697358586,69.80187890069034
1697358587,67.84632866118949
1697358588,73.4625417129882
1697358589,78.82882346779404
1697358590,63.010926070079904
1697358591,73.22242256277418
1697358592,72.10738993885894
1697358593,76.52574545406154
1697358594,74.4962201529556
1697358595,69.93175443523228
1697358596,72.35783897843696
1697358597,70.23460173902929
1697358598,79.85647519590908
1697358599,74.84476364045348
1697358600,34.505953428765025
1697358601,24.958490533833
1697358602,21.981526662531564
1697358603,18.216697013889103
1697358604,17.031192961950282
1697358605,18.387719191046145
1697358606,27.905396243290227
1697358607,29.374580044340505
1697358608,19.18599257314716
1697358609,31.827899403343437
1697358610,25.197906323274054
1697358611,28.607393822249392
1697358612,36.1944339803847
1697358613,32.877085890185214
1697358614,27.30942247453116
1697358615,24.454900498929348
1697358616,18.41014166125602
1697358617,25.831351911777446
1697358618,28.628881670504683
1697358619,25.005535873722167
1697358620,29.541507434982478
1697358621,30.837840449707315
1697358622,29.58449184372597
1697358623,27.713323535347186
1697358624,32.06052053895496
1697358625,33.68017937541008
1697358626,26.271000128167415
1697358627,39.029439549712066
1697358628,31.732854262190443
1697358629,32.570267921126444
1697358630,36.26649697565641
1697358631,34.14006338876926
1697358632,37.987349338030725
1697358633,34.90406883214139
1697358634,30.652114309843142
1697358635,35.766716364662955
1697358636,28.484482780513645
1697358637,34.988818199344294
1697358638,34.52173970808026
1697358639,33.888112979506786
1697358640,34.525728519700394
1697358641,25.997774579021765
1697358642,32.90085775042202
1697358643,36.34500199001367
1697358644,36.91516143961016
1697358645,31.211386788858846
1697358646,42.910940082319996
1697358647,32.48289488065386
1697358648,41.89112785517656
1697358649,39.40856564973693
1697358650,34.268863450780955
1697358651,46.60258985680687
1697358652,31.982491075545795
1697358653,42.769665755466946
1697358654,43.39858146468973
1697358655,35.26287482999243
1697358656,45.7971152314052
1697358657,37.80185187330845
1697358658,40.71130733851008
1697358659,40.783638502423074
1697358660,89.02308759995907
1697358661,88.92308759995908
1697358662,88.82308759995907
1697358663,88.72308759995907
1697358664,88.62308759995906
1697358665,88.52308759995907
1697358666,88.42308759995908
1697358667,88.32308759995907
1697358668,88.22308759995907
1697358669,88.12308759995906
1697358670,88.02308759995907
1697358671,87.92308759995908
1697358672,87.82308759995907
1697358673,87.72308759995907
1697358674,87.62308759995906
1697358675,87.52308759995907
1697358676,87.42308759995908
1697358677,87.32308759995907
1697358678,87.22308759995907
1697358679,87.12308759995906
1697358680,87.02308759995907
1697358681,86.92308759995908
1697358682,86.82308759995907
1697358683,86.72308759995907
1697358684,86.62308759995906
1697358685,86.52308759995907
1697358686,86.42308759995908
1697358687,86.32308759995907
1697358688,86.22308759995907
1697358689,86.12308759995906
1697358690,86.02308759995907
1697358691,85.92308759995908
1697358692,85.82308759995907
1697358693,85.72308759995907
1697358694,85.62308759995906
1697358695,85.52308759995907
1697358696,85.42308759995908
1697358697,85.32308759995907
1697358698,85.22308759995907
1697358699,85.12308759995906
1697358700,85.02308759995907
1697358701,84.92308759995908
1697358702,84.82308759995907
1697358703,84.72308759995907
1697358704,84.62308759995906
1697358705,84.52308759995907
1697358706,84.42308759995908
1697358707,84.32308759995907
1697358708,84.22308759995907
1697358709,84.12308759995906
1697358710,84.02308759995907
1697358711,83.92308759995908
1697358712,83.82308759995907
1697358713,83.72308759995907
1697358714,83.62308759995906
1697358715,83.52308759995907
1697358716,83.42308759995908
1697358717,83.32308759995907
1697358718,83.22308759995907
1697358719,83.12308759995906
1697358720,83.02308759995907
1697358721,82.92308759995908
1697358722,82.82308759995907
1697358723,82.72308759995907
1697358724,82.62308759995906
1697358725,82.52308759995907
1697358726,82.42308759995908
1697358727,82.32308759995907
1697358728,82.22308759995907
1697358729,82.12308759995906
1697358730,82.02308759995907
1697358731,81.92308759995908
1697358732,81.82308759995907
1697358733,81.72308759995907
1697358734,81.62308759995906
1697358735,81.52308759995907
1697358736,81.42308759995908
1697358737,81.32308759995907
1697358738,81.22308759995907
1697358739,81.12308759995906
1697358740,81.02308759995907
1697358741,80.92308759995908
1697358742,80.82308759995907
1697358743,80.72308759995907
1697358744,80.62308759995906
1697358745,80.52308759995907
1697358746,80.42308759995908
1697358747,80.32308759995907
1697358748,80.22308759995907
1697358749,80.12308759995906
1697358750,80.02308759995907
1697358751,79.92308759995908
1697358752,79.82308759995907
1697358753,79.72308759995907
1697358754,79.62308759995906
1697358755,79.52308759995907
1697358756,79.42308759995908
1697358757,79.32308759995907
1697358758,79.22308759995907
1697358759,79.12308759995906
1697358760,79.02308759995907
1697358761,78.92308759995908
1697358762,78.82308759995907
1697358763,78.72308759995907
1697358764,78.62308759995906
1697358765,78.52308759995907
1697358766,78.42308759995908
1697358767,78.32308759995907
1697358768,78.22308759995907
1697358769,78.12308759995906
1697358770,78.02308759995907
1697358771,77.92308759995908
1697358772,77.82308759995907
1697358773,77.72308759995907
1697358774,77.62308759995906
1697358775,77.52308759995907
1697358776,77.42308759995908
1697358777,77.32308759995907
1697358778,77.22308759995907
1697358779,77.12308759995906
1697358780,77.02308759995907
1697358781,76.92308759995908
1697358782,76.82308759995907
1697358783,76.72308759995907
1697358784,76.62308759995906
1697358785,76.52308759995907
1697358786,76.42308759995908
1697358787,76.32308759995907
1697358788,76.22308759995907
1697358789,76.12308759995906
1697358790,76.02308759995907
1697358791,75.92308759995908
1697358792,75.82308759995907
1697358793,75.72308759995907
1697358794,75.62308759995906
1697358795,75.52308759995907
1697358796,75.42308759995908
1697358797,75.32308759995907
1697358798,75.22308759995907
1697358799,75.12308759995906
1697358800,75.02308759995907
1697358801,74.92308759995908
1697358802,74.82308759995907
1697358803,74.72308759995907
1697358804,74.62308759995906
1697358805,74.52308759995907
1697358806,74.42308759995908
1697358807,74.32308759995907
1697358808,74.22308759995907
1697358809,74.12308759995906
1697358810,74.02308759995907
1697358811,73.92308759995908
1697358812,73.82308759995907
1697358813,73.72308759995907
1697358814,73.62308759995906
1697358815,73.52308759995907
1697358816,73.42308759995908
1697358817,73.32308759995907
1697358818,73.22308759995907
1697358819,73.12308759995906
1697358820,73.02308759995907
1697358821,72.92308759995908
1697358822,72.82308759995907
1697358823,72.72308759995907
1697358824,72.62308759995906
1697358825,72.52308759995907
1697358826,72.42308759995908
1697358827,72.32308759995907
1697358828,72.22308759995907
1697358829,72.12308759995906
1697358830,72.02308759995907
1697358831,71.92308759995908
1697358832,71.82308759995907
1697358833,71.72308759995907
1697358834,71.62308759995906
1697358835,71.52308759995907
1697358836,71.42308759995908
1697358837,71.32308759995907
1697358838,71.22308759995907
1697358839,71.12308759995906
1697358840,71.02308759995907
1697358841,70.92308759995908
1697358842,70.82308759995907
1697358843,70.72308759995907
1697358844,70.62308759995906
1697358845,70.52308759995907
1697358846,70.42308759995908
1697358847,70.32308759995907
1697358848,70.22308759995907
1697358849,70.12308759995906
1697358850,70.02308759995907
1697358851,69.92308759995908
1697358852,69.82308759995907
1697358853,69.72308759995907
1697358854,69.62308759995906
1697358855,69.52308759995907
1697358856,69.42308759995908
1697358857,69.32308759995907
1697358858,69.22308759995907
1697358859,69.12308759995906
1697358860,69.02308759995907
1697358861,68.92308759995908
1697358862,68.82308759995907
1697358863,68.72308759995907
1697358864,68.62308759995906
1697358865,68.52308759995907
1697358866,68.42308759995908
1697358867,68.32308759995907
1697358868,68.22308759995907
1697358869,68.12308759995906
1697358870,68.02308759995907
1697358871,67.92308759995908
1697358872,67.82308759995907
1697358873,67.72308759995907
1697358874,67.62308759995906
1697358875,67.52308759995907
1697358876,67.42308759995908
1697358877,67.32308759995907
1697358878,67.22308759995907
1697358879,67.12308759995906
1697358880,67.02308759995907
1697358881,66.92308759995908
1697358882,66.82308759995907
1697358883,66.72308759995907
1697358884,66.62308759995906
1697358885,66.52308759995907
1697358886,66.42308759995908
1697358887,66.32308759995907
1697358888,66.22308759995907
1697358889,66.12308759995906
1697358890,66.02308759995907
1697358891,65.92308759995908
1697358892,65.82308759995907
1697358893,65.72308759995907
1697358894,65.62308759995906
1697358895,65.52308759995907
1697358896,65.42308759995908
1697358897,65.32308759995907
1697358898,65.22308759995907
1697358899,65.12308759995906
1697358900,65.02308759995907
1697358901,64.92308759995908
1697358902,64.82308759995907
1697358903,64.72308759995907
1697358904,64.62308759995906
1697358905,64.52308759995907
1697358906,64.42308759995908
1697358907,64.32308759995907
1697358908,64.22308759995907
1697358909,64.12308759995906
1697358910,64.02308759995907
1697358911,63.92308759995907
1697358912,63.82308759995907
1697358913,63.72308759995907
1697358914,63.623087599959064
1697358915,63.52308759995907
1697358916,63.42308759995907
1697358917,63.32308759995907
1697358918,63.22308759995907
1697358919,63.123087599959064
1697358920,63.02308759995907
1697358921,62.92308759995907
1697358922,62.82308759995907
1697358923,62.72308759995907
1697358924,62.623087599959064
1697358925,62.52308759995907
1697358926,62.42308759995907
1697358927,62.32308759995907
1697358928,62.22308759995907
1697358929,62.123087599959064
1697358930,62.02308759995907
1697358931,61.92308759995907
1697358932,61.82308759995907
1697358933,61.72308759995907
1697358934,61.623087599959064
1697358935,61.52308759995907
1697358936,61.42308759995907
1697358937,61.32308759995907
1697358938,61.22308759995907
1697358939,61.123087599959064
1697358940,61.02308759995907
1697358941,60.92308759995907
1697358942,60.82308759995907
1697358943,60.72308759995907
1697358944,60.623087599959064
1697358945,60.52308759995907
1697358946,60.42308759995907
1697358947,60.32308759995907
1697358948,60.22308759995907
1697358949,60.123087599959064
1697358950,60.02308759995907
1697358951,59.92308759995907
1697358952,59.82308759995907
1697358953,59.72308759995907
1697358954,59.623087599959064
1697358955,59.52308759995907
1697358956,59.42308759995907
1697358957,59.32308759995907
1697358958,59.22308759995907
1697358959,59.123087599959064
1697358960,59.02308759995907
1697358961,58.92308759995907
1697358962,58.82308759995907
1697358963,58.72308759995907
1697358964,58.623087599959064
1697358965,58.52308759995907
1697358966,58.42308759995907
1697358967,58.32308759995907
1697358968,58.22308759995907
1697358969,58.123087599959064
1697358970,58.02308759995907
1697358971,57.92308759995907
1697358972,57.82308759995907
1697358973,57.72308759995907
1697358974,57.623087599959064
1697358975,57.52308759995907
1697358976,57.42308759995907
1697358977,57.32308759995907
1697358978,57.22308759995907
1697358979,57.123087599959064
1697358980,57.02308759995907
1697358981,56.92308759995907
1697358982,56.82308759995907
1697358983,56.723087599959065
1697358984,56.62308759995907
1697358985,56.52308759995907
1697358986,56.42308759995907
1697358987,56.32308759995907
1697358988,56.223087599959065
1697358989,56.12308759995907
1697358990,56.02308759995907
1697358991,55.92308759995907
1697358992,55.82308759995907
1697358993,55.723087599959065
1697358994,55.62308759995907
1697358995,55.52308759995907
1697358996,55.42308759995907
1697358997,55.32308759995907
1697358998,55.223087599959065
1697358999,55.12308759995907
1697359000,55.02308759995907
1697359001,54.92308759995907
1697359002,54.82308759995907
1697359003,54.723087599959065
1697359004,54.62308759995907
1697359005,54.52308759995907
1697359006,54.42308759995907
1697359007,54.32308759995907
1697359008,54.223087599959065
1697359009,54.12308759995907
1697359010,54.02308759995907
1697359011,53.92308759995907
1697359012,53.82308759995907
1697359013,53.723087599959065
1697359014,53.62308759995907
1697359015,53.52308759995907
1697359016,53.42308759995907
1697359017,53.32308759995907
1697359018,53.223087599959065
1697359019,53.12308759995907
1697359020,53.02308759995907
1697359021,52.92308759995907
1697359022,52.82308759995907
1697359023,52.723087599959065
1697359024,52.62308759995907
1697359025,52.52308759995907
1697359026,52.42308759995907
1697359027,52.32308759995907
1697359028,52.223087599959065
1697359029,52.12308759995907
1697359030,52.02308759995907
1697359031,51.92308759995907
1697359032,51.82308759995907
1697359033,51.723087599959065
1697359034,51.62308759995907
1697359035,51.52308759995907
1697359036,51.42308759995907
1697359037,51.32308759995907
1697359038,51.223087599959065
1697359039,51.12308759995907
1697359040,51.02308759995907
1697359041,50.92308759995907
1697359042,50.82308759995907
1697359043,50.723087599959065
1697359044,50.623087599959064
1697359045,50.52308759995907
1697359046,50.42308759995907
1697359047,50.32308759995907
1697359048,50.223087599959065
1697359049,50.123087599959064
1697359050,50.02308759995907
1697359051,49.92308759995907
1697359052,49.82308759995907
1697359053,49.723087599959065
1697359054,49.623087599959064
1697359055,49.52308759995907
1697359056,49.42308759995907
1697359057,49.32308759995907
1697359058,49.223087599959065
1697359059,49.123087599959064
1697359060,49.02308759995907
1697359061,48.92308759995907
1697359062,48.82308759995907
1697359063,48.723087599959065
1697359064,48.623087599959064
1697359065,48.52308759995907
1697359066,48.42308759995907
1697359067,48.32308759995907
1697359068,48.223087599959065
1697359069,48.123087599959064
1697359070,48.02308759995907
1697359071,47.92308759995907
1697359072,47.82308759995907
1697359073,47.723087599959065
1697359074,47.623087599959064
1697359075,47.52308759995907
1697359076,47.42308759995907
1697359077,47.32308759995907
1697359078,47.223087599959065
1697359079,47.123087599959064
1697359080,47.02308759995907
1697359081,46.92308759995907
1697359082,46.82308759995907
1697359083,46.723087599959065
1697359084,46.623087599959064
1697359085,46.52308759995907
1697359086,46.42308759995907
1697359087,46.32308759995907
1697359088,46.223087599959065
1697359089,46.123087599959064
1697359090,46.02308759995907
1697359091,45.92308759995907
1697359092,45.82308759995907
1697359093,45.723087599959065
1697359094,45.623087599959064
1697359095,45.52308759995907
1697359096,45.42308759995907
1697359097,45.32308759995907
1697359098,45.223087599959065
1697359099,45.123087599959064
1697359100,45.02308759995907
1697359101,44.92308759995907
1697359102,44.82308759995907
1697359103,44.723087599959065
1697359104,44.623087599959064
1697359105,44.52308759995907
1697359106,44.42308759995907
1697359107,44.32308759995907
1697359108,44.223087599959065
1697359109,44.123087599959064
1697359110,44.02308759995907
1697359111,43.92308759995907
1697359112,43.82308759995907
1697359113,43.723087599959065
1697359114,43.623087599959064
1697359115,43.52308759995907
1697359116,43.42308759995907
1697359117,43.32308759995907
1697359118,43.223087599959065
1697359119,43.123087599959064
1697359120,43.02308759995907
1697359121,42.92308759995907
1697359122,42.82308759995907
1697359123,42.723087599959065
1697359124,42.623087599959064
1697359125,42.52308759995907
1697359126,42.42308759995907
1697359127,42.32308759995907
1697359128,42.223087599959065
1697359129,42.123087599959064
1697359130,42.02308759995907
1697359131,41.92308759995907
1697359132,41.82308759995907
1697359133,41.723087599959065
1697359134,41.623087599959064
1697359135,41.52308759995907
1697359136,41.42308759995907
1697359137,41.32308759995907
1697359138,41.223087599959065
1697359139,41.123087599959064
1697359140,41.02308759995907
1697359141,40.92308759995907
1697359142,40.82308759995907
1697359143,40.723087599959065
1697359144,40.623087599959064
1697359145,40.52308759995907
1697359146,40.42308759995907
1697359147,40.32308759995907
1697359148,40.223087599959065
1697359149,40.123087599959064
1697359150,40.02308759995907
1697359151,39.92308759995907
1697359152,39.82308759995907
1697359153,39.723087599959065
1697359154,39.623087599959064
1697359155,39.52308759995907
1697359156,39.42308759995907
1697359157,39.32308759995907
1697359158,39.223087599959065
1697359159,39.123087599959064
1697359160,39.02308759995907
1697359161,38.92308759995907
1697359162,38.82308759995907
1697359163,38.723087599959065
1697359164,38.623087599959064
1697359165,38.52308759995907
1697359166,38.42308759995907
1697359167,38.32308759995907
1697359168,38.223087599959065
1697359169,38.123087599959064
1697359170,38.02308759995907
1697359171,37.92308759995907
1697359172,37.82308759995907
1697359173,37.723087599959065
1697359174,37.623087599959064
1697359175,37.52308759995907
1697359176,37.42308759995907
1697359177,37.32308759995907
1697359178,37.223087599959065
1697359179,37.123087599959064
1697359180,37.02308759995907
1697359181,36.92308759995907
1697359182,36.82308759995907
1697359183,36.723087599959065
1697359184,36.623087599959064
1697359185,36.52308759995907
1697359186,36.42308759995907
1697359187,36.32308759995907
1697359188,36.223087599959065
1697359189,36.123087599959064
1697359190,36.02308759995907
1697359191,35.92308759995907
1697359192,35.82308759995907
1697359193,35.723087599959065
1697359194,35.623087599959064
1697359195,35.52308759995907
1697359196,35.42308759995907
1697359197,35.32308759995907
1697359198,35.223087599959065
1697359199,35.123087599959064
1697359200,35.02308759995907
1697359201,34.92308759995907
1697359202,34.82308759995907
1697359203,34.723087599959065
1697359204,34.623087599959064
1697359205,34.52308759995907
1697359206,34.42308759995907
1697359207,34.32308759995907
1697359208,34.223087599959065
1697359209,34.123087599959064
1697359210,34.02308759995907
1697359211,33.92308759995907
1697359212,33.82308759995907
1697359213,33.723087599959065
1697359214,33.623087599959064
1697359215,33.52308759995907
1697359216,33.42308759995907
1697359217,33.32308759995907
1697359218,33.223087599959065
1697359219,33.123087599959064
1697359220,33.02308759995907
1697359221,32.92308759995907
1697359222,32.82308759995907
1697359223,32.723087599959065
1697359224,32.623087599959064
1697359225,32.52308759995907
1697359226,32.42308759995907
1697359227,32.32308759995907
1697359228,32.223087599959065
1697359229,32.123087599959064
1697359230,32.02308759995907
1697359231,31.923087599959068
1697359232,31.823087599959067
1697359233,31.723087599959065
1697359234,31.623087599959064
1697359235,31.52308759995907
1697359236,31.423087599959068
1697359237,31.323087599959067
1697359238,31.223087599959065
1697359239,31.123087599959064
1697359240,31.02308759995907
1697359241,30.923087599959068
1697359242,30.823087599959067
1697359243,30.723087599959065
1697359244,30.623087599959064
1697359245,30.52308759995907
1697359246,30.423087599959068
1697359247,30.323087599959067
1697359248,30.223087599959065
1697359249,30.123087599959064
1697359250,30.02308759995907
1697359251,29.923087599959068
1697359252,29.823087599959067
1697359253,29.723087599959065
1697359254,29.623087599959064
1697359255,29.52308759995907
1697359256,29.423087599959068
1697359257,29.323087599959067
1697359258,29.223087599959065
1697359259,29.123087599959064
1697359260,29.02308759995907
1697359261,28.923087599959068
1697359262,28.823087599959067
1697359263,28.723087599959065
1697359264,28.623087599959064
1697359265,28.52308759995907
1697359266,28.423087599959068
1697359267,28.323087599959067
1697359268,28.223087599959065
1697359269,28.123087599959064
1697359270,28.02308759995907
1697359271,27.923087599959068
1697359272,27.823087599959067
1697359273,27.723087599959065
1697359274,27.623087599959064
1697359275,27.52308759995907
1697359276,27.423087599959068
1697359277,27.323087599959067
1697359278,27.223087599959065
1697359279,27.123087599959064
1697359280,27.02308759995907
1697359281,26.923087599959068
1697359282,26.823087599959067
1697359283,26.723087599959065
1697359284,26.623087599959064
1697359285,26.52308759995907
1697359286,26.423087599959068
1697359287,26.323087599959067
1697359288,26.223087599959065
1697359289,26.123087599959064
1697359290,26.02308759995907
1697359291,25.923087599959068
1697359292,25.823087599959067
1697359293,25.723087599959065
1697359294,25.623087599959064
1697359295,25.52308759995907
1697359296,25.423087599959068
1697359297,25.323087599959067
1697359298,25.223087599959065
1697359299,25.123087599959064
1697359300,25.02308759995907
1697359301,24.92308759995906
1697359302,24.823087599959067
1697359303,24.723087599959072
1697359304,24.623087599959064
1697359305,24.52308759995907
1697359306,24.42308759995906
1697359307,24.323087599959067
1697359308,24.223087599959072
1697359309,24.123087599959064
1697359310,24.02308759995907
1697359311,23.92308759995906
1697359312,23.823087599959067
1697359313,23.723087599959072
1697359314,23.623087599959064
1697359315,23.52308759995907
1697359316,23.42308759995906
1697359317,23.323087599959067
1697359318,23.223087599959072
1697359319,23.123087599959064
1697359320,23.02308759995907
1697359321,22.92308759995906
1697359322,22.823087599959067
1697359323,22.723087599959072
1697359324,22.623087599959064
1697359325,22.52308759995907
1697359326,22.42308759995906
1697359327,22.323087599959067
1697359328,22.223087599959072
1697359329,22.123087599959064
1697359330,22.02308759995907
1697359331,21.92308759995906
1697359332,21.823087599959067
1697359333,21.723087599959072
1697359334,21.623087599959064
1697359335,21.52308759995907
1697359336,21.42308759995906
1697359337,21.323087599959067
1697359338,21.223087599959072
1697359339,21.123087599959064
1697359340,21.02308759995907
1697359341,20.92308759995906
1697359342,20.823087599959067
1697359343,20.723087599959072
1697359344,20.623087599959064
1697359345,20.52308759995907
1697359346,20.42308759995906
1697359347,20.323087599959067
1697359348,20.223087599959072
1697359349,20.123087599959064
1697359350,20.02308759995907
1697359351,19.92308759995906
1697359352,19.823087599959067
1697359353,19.723087599959072
1697359354,19.623087599959064
1697359355,19.52308759995907
1697359356,19.42308759995906
1697359357,19.323087599959067
1697359358,19.223087599959072
1697359359,19.123087599959064
1697359360,19.02308759995907
1697359361,18.92308759995906
1697359362,18.823087599959067
1697359363,18.723087599959072
1697359364,18.623087599959064
1697359365,18.52308759995907
1697359366,18.42308759995906
1697359367,18.323087599959067
1697359368,18.223087599959072
1697359369,18.123087599959064
1697359370,18.02308759995907
1697359371,17.92308759995906
1697359372,17.823087599959067
1697359373,17.723087599959072
1697359374,17.623087599959064
1697359375,17.52308759995907
1697359376,17.42308759995906
1697359377,17.323087599959067
1697359378,17.223087599959072
1697359379,17.123087599959064
1697359380,17.02308759995907
1697359381,16.92308759995906
1697359382,16.823087599959067
1697359383,16.723087599959072
1697359384,16.623087599959064
1697359385,16.52308759995907
1697359386,16.42308759995906
1697359387,16.323087599959067
1697359388,16.223087599959072
1697359389,16.123087599959064
1697359390,16.02308759995907
1697359391,15.92308759995906
1697359392,15.823087599959067
1697359393,15.723087599959072
1697359394,15.623087599959064
1697359395,15.52308759995907
1697359396,15.42308759995906
1697359397,15.323087599959067
1697359398,15.223087599959072
1697359399,15.123087599959064
1697359400,15.02308759995907
1697359401,14.92308759995906
1697359402,14.823087599959067
1697359403,14.723087599959072
1697359404,14.623087599959064
1697359405,14.52308759995907
1697359406,14.42308759995906
1697359407,14.323087599959067
1697359408,14.223087599959072
1697359409,14.123087599959064
1697359410,14.02308759995907
1697359411,13.92308759995906
1697359412,13.823087599959067
1697359413,13.723087599959072
1697359414,13.623087599959064
1697359415,13.52308759995907
1697359416,13.42308759995906
1697359417,13.323087599959067
1697359418,13.223087599959072
1697359419,13.123087599959064
1697359420,13.02308759995907
1697359421,12.92308759995906
1697359422,12.823087599959067
1697359423,12.723087599959072
1697359424,12.623087599959064
1697359425,12.52308759995907
1697359426,12.42308759995906
1697359427,12.323087599959067
1697359428,12.223087599959058
1697359429,12.123087599959064
1697359430,12.02308759995907
1697359431,11.92308759995906
1697359432,11.823087599959067
1697359433,11.723087599959058
1697359434,11.623087599959064
1697359435,11.52308759995907
1697359436,11.42308759995906
1697359437,11.323087599959067
1697359438,11.223087599959058
1697359439,11.123087599959064
1697359440,11.02308759995907
1697359441,10.92308759995906
1697359442,10.823087599959067
1697359443,10.723087599959058
1697359444,10.623087599959064
1697359445,10.52308759995907
1697359446,10.42308759995906
1697359447,10.323087599959067
1697359448,10.223087599959058
1697359449,10.123087599959064
1697359450,10.02308759995907
1697359451,9.92308759995906
1697359452,9.823087599959067
1697359453,9.723087599959058
1697359454,9.623087599959064
1697359455,9.52308759995907
1697359456,9.42308759995906
1697359457,9.323087599959067
1697359458,9.223087599959058
1697359459,9.123087599959064
1697359460,9.02308759995907
1697359461,8.92308759995906
1697359462,8.823087599959067
1697359463,8.723087599959058
1697359464,8.623087599959064
1697359465,8.52308759995907
1697359466,8.42308759995906
1697359467,8.323087599959067
1697359468,8.223087599959058
1697359469,8.123087599959064
1697359470,8.02308759995907
1697359471,7.923087599959061
1697359472,7.8230875999590666
1697359473,7.723087599959058
1697359474,7.623087599959064
1697359475,7.523087599959069
1697359476,7.423087599959061
1697359477,7.3230875999590666
1697359478,7.223087599959058
1697359479,7.123087599959064
1697359480,7.023087599959069
1697359481,6.923087599959061
1697359482,6.8230875999590666
1697359483,6.723087599959058
1697359484,6.623087599959064
1697359485,6.523087599959069
1697359486,6.423087599959061
1697359487,6.3230875999590666
1697359488,6.223087599959058
1697359489,6.123087599959064
1697359490,6.023087599959069
1697359491,5.923087599959061
1697359492,5.8230875999590666
1697359493,5.723087599959058
1697359494,5.623087599959064
1697359495,5.523087599959069
1697359496,5.423087599959061
1697359497,5.3230875999590666
1697359498,5.223087599959058
1697359499,5.123087599959064
1697359500,5.023087599959069
1697359501,4.923087599959061
1697359502,4.8230875999590666
1697359503,4.723087599959058
1697359504,4.623087599959064
1697359505,4.523087599959069
1697359506,4.423087599959061
1697359507,4.3230875999590666
1697359508,4.223087599959058
1697359509,4.123087599959064
1697359510,4.023087599959069
1697359511,3.923087599959061
1697359512,3.8230875999590666
1697359513,3.723087599959058
1697359514,3.6230875999590637
1697359515,3.5230875999590694
1697359516,3.423087599959061
1697359517,3.3230875999590666
1697359518,3.223087599959058
1697359519,3.1230875999590637
1697359520,3.0230875999590694
1697359521,2.923087599959061
1697359522,2.8230875999590666
1697359523,2.723087599959058
1697359524,2.6230875999590637
1697359525,2.5230875999590694
1697359526,2.423087599959061
1697359527,2.3230875999590666
1697359528,2.223087599959058
1697359529,2.1230875999590637
1697359530,2.0230875999590694
1697359531,1.9230875999590609
1697359532,1.8230875999590666
1697359533,1.723087599959058
1697359534,1.6230875999590637
1697359535,1.5230875999590694
1697359536,1.4230875999590609
1697359537,1.3230875999590666
1697359538,1.223087599959058
1697359539,1.1230875999590637
1697359540,1.0230875999590694
1697359541,0.9230875999590609
1697359542,0.8230875999590666
1697359543,0.723087599959058
1697359544,0.6230875999590637
1697359545,0.5230875999590694
1697359546,0.42308759995906087
1697359547,0.32308759995906655
1697359548,0.22308759995905802
1697359549,0.12308759995906371
1697359550,0.023087599959069394
1697359551,0.0
1697359552,0.0
1697359553,0.0
1697359554,0.0
1697359555,0.0
1697359556,0.0
1697359557,0.0
1697359558,0.0
1697359559,0.0
1697359560,0.0
1697359561,0.0
1697359562,0.0
1697359563,0.0
1697359564,0.0
1697359565,0.0
1697359566,0.0
1697359567,0.0
1697359568,0.0
1697359569,0.0
1697359570,0.0
1697359571,0.0
1697359572,0.0
1697359573,0.0
1697359574,0.0
1697359575,0.0
1697359576,0.0
1697359577,0.0
1697359578,0.0
1697359579,0.0
1697359580,0.0
1697359581,0.0
1697359582,0.0
1697359583,0.0
1697359584,0.0
1697359585,0.0
1697359586,0.0
1697359587,0.0
1697359588,0.0
1697359589,0.0
1697359590,0.0
1697359591,0.0
1697359592,0.0
1697359593,0.0
1697359594,0.0
1697359595,0.0
1697359596,0.0
1697359597,0.0
1697359598,0.0
1697359599,0.0
1697359600,0.0
1697359601,0.0
1697359602,0.0
1697359603,0.0
1697359604,0.0
1697359605,0.0
1697359606,0.0
1697359607,0.0
1697359608,0.0
1697359609,0.0
1697359610,0.0
1697359611,0.0
1697359612,0.0
1697359613,0.0
1697359614,0.0
1697359615,0.0
1697359616,0.0
1697359617,0.0
1697359618,0.0
1697359619,0.0
1697359620,0.0
1697359621,0.0
1697359622,0.0
1697359623,0.0
1697359624,0.0
1697359625,0.0
1697359626,0.0
1697359627,0.0
1697359628,0.0
1697359629,0.0
1697359630,0.0
1697359631,0.0
1697359632,0.0
1697359633,0.0
1697359634,0.0
1697359635,0.0
1697359636,0.0
1697359637,0.0
1697359638,0.0
1697359639,0.0
1697359640,0.0
1697359641,0.0
1697359642,0.0
1697359643,0.0
1697359644,0.0
1697359645,0.0
1697359646,0.0
1697359647,0.0
1697359648,0.0
1697359649,0.0
1697359650,0.0
1697359651,0.0
1697359652,0.0
1697359653,0.0
1697359654,0.0
1697359655,0.0
1697359656,0.0
1697359657,0.0
1697359658,0.0
1697359659,0.0
1697359660,0.0
1697359661,0.0
1697359662,0.0
1697359663,0.0
1697359664,0.0
1697359665,0.0
1697359666,0.0
1697359667,0.0
1697359668,0.0
1697359669,0.0
1697359670,0.0
1697359671,0.0
1697359672,0.0
1697359673,0.0
1697359674,0.0
1697359675,0.0
1697359676,0.0
1697359677,0.0
1697359678,0.0
1697359679,0.0
1697359680,0.0
1697359681,0.0
1697359682,0.0
1697359683,0.0
1697359684,0.0
1697359685,0.0
1697359686,0.0
1697359687,0.0
1697359688,0.0
1697359689,0.0
1697359690,0.0
1697359691,0.0
1697359692,0.0
1697359693,0.0
1697359694,0.0
1697359695,0.0
1697359696,0.0
1697359697,0.0
1697359698,0.0
1697359699,0.0
1697359700,0.0
1697359701,0.0
1697359702,0.0
1697359703,0.0
1697359704,0.0
1697359705,0.0
1697359706,0.0
1697359707,0.0
1697359708,0.0
1697359709,0.0
1697359710,0.0
1697359711,0.0
1697359712,0.0
1697359713,0.0
1697359714,0.0
1697359715,0.0
1697359716,0.0
1697359717,0.0
1697359718,0.0
1697359719,0.0
1697359720,0.0
1697359721,0.0
1697359722,0.0
1697359723,0.0
1697359724,0.0
1697359725,0.0
1697359726,0.0
1697359727,0.0
1697359728,0.0
1697359729,0.0
1697359730,0.0
1697359731,0.0
1697359732,0.0
1697359733,0.0
1697359734,0.0
1697359735,0.0
1697359736,0.0
1697359737,0.0
1697359738,0.0
1697359739,0.0
1697359740,0.0
1697359741,0.0
1697359742,0.0
1697359743,0.0
1697359744,0.0
1697359745,0.0
1697359746,0.0
1697359747,0.0
1697359748,0.0
1697359749,0.0
1697359750,0.0
1697359751,0.0
1697359752,0.0
1697359753,0.0
1697359754,0.0
1697359755,0.0
1697359756,0.0
1697359757,0.0
1697359758,0.0
1697359759,0.0
1697359760,0.0
1697359761,0.0
1697359762,0.0
1697359763,0.0
1697359764,0.0
1697359765,0.0
1697359766,0.0
1697359767,0.0
1697359768,0.0
1697359769,0.0
1697359770,0.0
1697359771,0.0
1697359772,0.0
1697359773,0.0
1697359774,0.0
1697359775,0.0
1697359776,0.0
1697359777,0.0
1697359778,0.0
1697359779,0.0
1697359780,0.0
1697359781,0.0
1697359782,0.0
1697359783,0.0
1697359784,0.0
1697359785,0.0
1697359786,0.0
1697359787,0.0
1697359788,0.0
1697359789,0.0
1697359790,0.0
1697359791,0.0
1697359792,0.0
1697359793,0.0
1697359794,0.0
1697359795,0.0
1697359796,0.0
1697359797,0.0
1697359798,0.0
1697359799,0.0
1697359800,0.0
1697359801,0.0
1697359802,0.0
1697359803,0.0
1697359804,0.0
1697359805,0.0
1697359806,0.0
1697359807,0.0
1697359808,0.0
1697359809,0.0
1697359810,0.0
1697359811,0.0
1697359812,0.0
1697359813,0.0
1697359814,0.0
1697359815,0.0
1697359816,0.0
1697359817,0.0
1697359818,0.0
1697359819,0.0
1697359820,0.0
1697359821,0.0
1697359822,0.0
1697359823,0.0
1697359824,0.0
1697359825,0.0
1697359826,0.0
1697359827,0.0
1697359828,0.0
1697359829,0.0
1697359830,0.0
1697359831,0.0
1697359832,0.0
1697359833,0.0
1697359834,0.0
1697359835,0.0
1697359836,0.0
1697359837,0.0
1697359838,0.0
1697359839,0.0
1697359840,0.0
1697359841,0.0
1697359842,0.0
1697359843,0.0
1697359844,0.0
1697359845,0.0
1697359846,0.0
1697359847,0.0
1697359848,0.0
1697359849,0.0
1697359850,0.0
1697359851,0.0
1697359852,0.0
1697359853,0.0
1697359854,0.0
1697359855,0.0
1697359856,0.0
1697359857,0.0
1697359858,0.0
1697359859,0.0
1697359860,0.0
1697359861,0.0
1697359862,0.0
1697359863,0.0
1697359864,0.0
1697359865,0.0
1697359866,0.0
1697359867,0.0
1697359868,0.0
1697359869,0.0
1697359870,0.0
1697359871,0.0
1697359872,0.0
1697359873,0.0
1697359874,0.0
1697359875,0.0
1697359876,0.0
1697359877,0.0
1697359878,0.0
1697359879,0.0
1697359880,0.0
1697359881,0.0
1697359882,0.0
1697359883,0.0
1697359884,0.0
1697359885,0.0
1697359886,0.0
1697359887,0.0
1697359888,0.0
1697359889,0.0
1697359890,0.0
1697359891,0.0
1697359892,0.0
1697359893,0.0
1697359894,0.0
1697359895,0.0
1697359896,0.0
1697359897,0.0
1697359898,0.0
1697359899,0.0
1697359900,0.0
1697359901,0.0
1697359902,0.0
1697359903,0.0
1697359904,0.0
1697359905,0.0
1697359906,0.0
1697359907,0.0
1697359908,0.0
1697359909,0.0
1697359910,0.0
1697359911,0.0
1697359912,0.0
1697359913,0.0
1697359914,0.0
1697359915,0.0
1697359916,0.0
1697359917,0.0
1697359918,0.0
1697359919,0.0
1697359920,0.0
1697359921,0.0
1697359922,0.0
1697359923,0.0
1697359924,0.0
1697359925,0.0
1697359926,0.0
1697359927,0.0
1697359928,0.0
1697359929,0.0
1697359930,0.0
1697359931,0.0
1697359932,0.0
1697359933,0.0
1697359934,0.0
1697359935,0.0
1697359936,0.0
1697359937,0.0
1697359938,0.0
1697359939,0.0
1697359940,0.0
1697359941,0.0
1697359942,0.0
1697359943,0.0
1697359944,0.0
1697359945,0.0
1697359946,0.0
1697359947,0.0
1697359948,0.0
1697359949,0.0
1697359950,0.0
1697359951,0.0
1697359952,0.0
1697359953,0.0
1697359954,0.0
1697359955,0.0
1697359956,0.0
1697359957,0.0
1697359958,0.0
1697359959,0.0
1697359960,0.0
1697359961,0.0
1697359962,0.0
1697359963,0.0
1697359964,0.0
1697359965,0.0
1697359966,0.0
1697359967,0.0
1697359968,0.0
1697359969,0.0
1697359970,0.0
1697359971,0.0
1697359972,0.0
1697359973,0.0
1697359974,0.0
1697359975,0.0
1697359976,0.0
1697359977,0.0
1697359978,0.0
1697359979,0.0
1697359980,0.0
1697359981,0.0
1697359982,0.0
1697359983,0.0
1697359984,0.0
1697359985,0.0
1697359986,0.0
1697359987,0.0
1697359988,0.0
1697359989,0.0
1697359990,0.0
1697359991,0.0
1697359992,0.0
1697359993,0.0
1697359994,0.0
1697359995,0.0
1697359996,0.0
1697359997,0.0
1697359998,0.0
1697359999,0.0
1697360000,0.0
1697360001,0.0
1697360002,0.0
1697360003,0.0
1697360004,0.0
1697360005,0.0
1697360006,0.0
1697360007,0.0
1697360008,0.0
1697360009,0.0
1697360010,0.0
1697360011,0.0
1697360012,0.0
1697360013,0.0
1697360014,0.0
1697360015,0.0
1697360016,0.0
1697360017,0.0
1697360018,0.0
1697360019,0.0
1697360020,0.0
1697360021,0.0
1697360022,0.0
1697360023,0.0
1697360024,0.0
1697360025,0.0
1697360026,0.0
1697360027,0.0
1697360028,0.0
1697360029,0.0
1697360030,0.0
1697360031,0.0
1697360032,0.0
1697360033,0.0
1697360034,0.0
1697360035,0.0
1697360036,0.0
1697360037,0.0
1697360038,0.0
1697360039,0.0
1697360040,0.0
1697360041,0.0
1697360042,0.0
1697360043,0.0
1697360044,0.0
1697360045,0.0
1697360046,0.0
1697360047,0.0
1697360048,0.0
1697360049,0.0
1697360050,0.0
1697360051,0.0
1697360052,0.0
1697360053,0.0
1697360054,0.0
1697360055,0.0
1697360056,0.0
1697360057,0.0
1697360058,0.0
1697360059,0.0
1697360060,0.0
1697360061,0.0
1697360062,0.0
1697360063,0.0
1697360064,0.0
1697360065,0.0
1697360066,0.0
1697360067,0.0
1697360068,0.0
1697360069,0.0
1697360070,0.0
1697360071,0.0
1697360072,0.0
1697360073,0.0
1697360074,0.0
1697360075,0.0
1697360076,0.0
1697360077,0.0
1697360078,0.0
1697360079,0.0
1697360080,0.0
1697360081,0.0
1697360082,0.0
1697360083,0.0
1697360084,0.0
1697360085,0.0
1697360086,0.0
1697360087,0.0
1697360088,0.0
1697360089,0.0
1697360090,0.0
1697360091,0.0
1697360092,0.0
1697360093,0.0
1697360094,0.0
1697360095,0.0
1697360096,0.0
1697360097,0.0
1697360098,0.0
1697360099,0.0
1697360100,0.0
1697360101,0.0
1697360102,0.0
1697360103,0.0
1697360104,0.0
1697360105,0.0
1697360106,0.0
1697360107,0.0
1697360108,0.0
1697360109,0.0
1697360110,0.0
1697360111,0.0
1697360112,0.0
1697360113,0.0
1697360114,0.0
1697360115,0.0
1697360116,0.0
1697360117,0.0
1697360118,0.0
1697360119,0.0
1697360120,0.0
1697360121,0.0
1697360122,0.0
1697360123,0.0
1697360124,0.0
1697360125,0.0
1697360126,0.0
1697360127,0.0
1697360128,0.0
1697360129,0.0
1697360130,0.0
1697360131,0.0
1697360132,0.0
1697360133,0.0
1697360134,0.0
1697360135,0.0
1697360136,0.0
1697360137,0.0
1697360138,0.0
1697360139,0.0
1697360140,0.0
1697360141,0.0
1697360142,0.0
1697360143,0.0
1697360144,0.0
1697360145,0.0
1697360146,0.0
1697360147,0.0
1697360148,0.0
1697360149,0.0
1697360150,0.0
1697360151,0.0
1697360152,0.0
1697360153,0.0
1697360154,0.0
1697360155,0.0
1697360156,0.0
1697360157,0.0
1697360158,0.0
1697360159,0.0
1697360160,0.0
1697360161,0.0
1697360162,0.0
1697360163,0.0
1697360164,0.0
1697360165,0.0
1697360166,0.0
1697360167,0.0
1697360168,0.0
1697360169,0.0
1697360170,0.0
1697360171,0.0
1697360172,0.0
1697360173,0.0
1697360174,0.0
1697360175,0.0
1697360176,0.0
1697360177,0.0
1697360178,0.0
1697360179,0.0
1697360180,0.0
1697360181,0.0
1697360182,0.0
1697360183,0.0
1697360184,0.0
1697360185,0.0
1697360186,0.0
1697360187,0.0
1697360188,0.0
1697360189,0.0
1697360190,0.0
1697360191,0.0
1697360192,0.0
1697360193,0.0
1697360194,0.0
1697360195,0.0
1697360196,0.0
1697360197,0.0
1697360198,0.0
1697360199,0.0
1697360200,0.0
1697360201,0.0
1697360202,0.0
1697360203,0.0
1697360204,0.0
1697360205,0.0
1697360206,0.0
1697360207,0.0
1697360208,0.0
1697360209,0.0
1697360210,0.0
1697360211,0.0
1697360212,0.0
1697360213,0.0
1697360214,0.0
1697360215,0.0
1697360216,0.0
1697360217,0.0
1697360218,0.0
1697360219,0.0
1697360220,0.0
1697360221,0.0
1697360222,0.0
1697360223,0.0
1697360224,0.0
1697360225,0.0
1697360226,0.0
1697360227,0.0
1697360228,0.0
1697360229,0.0
1697360230,0.0
1697360231,0.0
1697360232,0.0
1697360233,0.0
1697360234,0.0
1697360235,0.0
1697360236,0.0
1697360237,0.0
1697360238,0.0
1697360239,0.0
1697360240,0.0
1697360241,0.0
1697360242,0.0
1697360243,0.0
1697360244,0.0
1697360245,0.0
1697360246,0.0
1697360247,0.0
1697360248,0.0
1697360249,0.0
1697360250,0.0
1697360251,0.0
1697360252,0.0
1697360253,0.0
1697360254,0.0
1697360255,0.0
1697360256,0.0
1697360257,0.0
1697360258,0.0
1697360259,0.0
1697360260,0.0
1697360261,0.0
1697360262,0.0
1697360263,0.0
1697360264,0.0
1697360265,0.0
1697360266,0.0
1697360267,0.0
1697360268,0.0
1697360269,0.0
1697360270,0.0
1697360271,0.0
1697360272,0.0
1697360273,0.0
1697360274,0.0
1697360275,0.0
1697360276,0.0
1697360277,0.0
1697360278,0.0
1697360279,0.0
1697360280,0.0
1697360281,0.0
1697360282,0.0
1697360283,0.0
1697360284,0.0
1697360285,0.0
1697360286,0.0
1697360287,0.0
1697360288,0.0
1697360289,0.0
1697360290,0.0
1697360291,0.0
1697360292,0.0
1697360293,0.0
1697360294,0.0
1697360295,0.0
1697360296,0.0
1697360297,0.0
1697360298,0.0
1697360299,0.0
1697360300,0.0
1697360301,0.0
1697360302,0.0
1697360303,0.0
1697360304,0.0
1697360305,0.0
1697360306,0.0
1697360307,0.0
1697360308,0.0
1697360309,0.0
1697360310,0.0
1697360311,0.0
1697360312,0.0
1697360313,0.0
1697360314,0.0
1697360315,0.0
1697360316,0.0
1697360317,0.0
1697360318,0.0
1697360319,0.0
1697360320,0.0
1697360321,0.0
1697360322,0.0
1697360323,0.0
1697360324,0.0
1697360325,0.0
1697360326,0.0
1697360327,0.0
1697360328,0.0
1697360329,0.0
1697360330,0.0
1697360331,0.0
1697360332,0.0
1697360333,0.0
1697360334,0.0
1697360335,0.0
1697360336,0.0
1697360337,0.0
1697360338,0.0
1697360339,0.0
1697360340,0.0
1697360341,0.0
1697360342,0.0
1697360343,0.0
1697360344,0.0
1697360345,0.0
1697360346,0.0
1697360347,0.0
1697360348,0.0
1697360349,0.0
1697360350,0.0
1697360351,0.0
1697360352,0.0
1697360353,0.0
1697360354,0.0
1697360355,0.0
1697360356,0.0
1697360357,0.0
1697360358,0.0
1697360359,0.0
1697360360,0.0
1697360361,0.0
1697360362,0.0
1697360363,0.0
1697360364,0.0
1697360365,0.0
1697360366,0.0
1697360367,0.0
1697360368,0.0
1697360369,0.0
1697360370,0.0
1697360371,0.0
1697360372,0.0
1697360373,0.0
1697360374,0.0
1697360375,0.0
1697360376,0.0
1697360377,0.0
1697360378,0.0
1697360379,0.0
1697360380,0.0
1697360381,0.0
1697360382,0.0
1697360383,0.0
1697360384,0.0
1697360385,0.0
1697360386,0.0
1697360387,0.0
1697360388,0.0
1697360389,0.0
1697360390,0.0
1697360391,0.0
1697360392,0.0
1697360393,0.0
1697360394,0.0
1697360395,0.0
1697360396,0.0
1697360397,0.0
1697360398,0.0
1697360399,0.0
"