"1696147500,-0.11118801180469205
1696147510,0.03189021846893834
1696147520,0.02790412922001377
1696147530,0.10105152848065264
1696147540,-0.0580878134023515
1696147550,-0.05251698071781478
1696147560,-0.057138016575414154
1696147570,-0.0924082837747105
1696147580,-0.26125490126936013
1696147590,0.09503696823969032
1696147600,0.08164450809513274
1696147610,-0.1523875997615861
1696147620,-0.04280460641762345
1696147630,-0.07424068371191725
1696147640,-0.07033438017074073
1696147650,-0.21396206560762396
1696147660,-0.06294749609242509
1696147670,0.05977204669126083
1696147680,0.25594880310377927
1696147690,0.03942330218796011
1696147700,0.012221916522267957
1696147710,-0.05154356620924533
1696147720,-0.060025385010591174
1696147730,0.09474398210466389
1696147740,0.02910340012621822
1696147750,-0.06355597402746394
1696147760,-0.10215521946755979
1696147770,-0.016175538639752098
1696147780,-0.053364880384248685
1696147790,-0.0005527862320126283
1696147800,-0.022945045383195653
1696147810,0.11529823126157691
1696147820,0.17894144835159412
1696147830,0.7964692858594484
1696147840,1.4996447431306774
1696147850,2.0284474708273463
1696147860,2.7709440693001115
1696147870,3.8299797607571255
1696147880,4.786345221615223
1696147890,6.027101113459442
1696147900,7.713704035279826
1696147910,9.186149966085416
1696147920,10.861653141042767
1696147930,12.817345322573305
1696147940,14.8541593969809
1696147950,17.195194373854832
1696147960,19.607227303078236
1696147970,22.157780087453098
1696147980,24.8311553722634
1696147990,27.642665496607687
1696148000,30.524619385375374
1696148010,33.613885172261874
1696148020,36.8090412000521
1696148030,40.50617152370374
1696148040,43.96751059098854
1696148050,47.686049129109236
1696148060,51.739589431182125
1696148070,55.57905401937261
1696148080,59.95233805171927
1696148090,64.25122502457911
1696148100,68.62322295471658


1696146900,25.072748433702127
1696146901,46.72537156118501
1696146902,43.56764585110685
1696146903,35.214177412517486
1696146904,12.190460444382246
1696146905,16.612689442986962
1696146906,10.999771557191202
1696146907,46.351912500589854
1696146908,32.45955899286295
1696146909,38.09343022890802
1696146910,11.833354329793012
1696146911,50.0
1696146912,40.89711281790532
1696146913,17.824561955449152
1696146914,16.323108065962113
1696146915,16.029521928989926
1696146916,25.700598198943702
1696146917,31.800220687211425
1696146918,24.75603283701454
1696146919,23.48488950203123
1696146920,38.71842818292044
1696146921,17.64468494718397
1696146922,18.6470460095007
1696146923,23.686005586015167
1696146924,30.776621667054684
1696146925,39.99169952448298
1696146926,18.874590142626847
1696146927,32.11864564340314
1696146928,31.84272181132553
1696146929,11.73896579667631
1696146930,27.81925939591939
1696146931,14.772189664823081
1696146932,12.09692741662486
1696146933,45.459855126203635
1696146934,50.0
1696146935,39.475611168737174
1696146936,21.30446179354086
1696146937,14.168365714827537
1696146938,40.2518676386185
1696146939,24.734375447225176
1696146940,17.20785689810107
1696146941,29.82754252648998
1696146942,10.0
1696146943,47.297023031677824
1696146944,20.74931865514762
1696146945,35.300457619841694
1696146946,22.60804721355648
1696146947,30.032093653388912
1696146948,32.09544586423368
1696146949,18.718439570063175
1696146950,50.0
1696146951,38.52968193679089
1696146952,50.0
1696146953,41.888918418060946
1696146954,33.612428962372235
1696146955,48.05160381389382
1696146956,14.101683817546846
1696146957,16.59391545712462
1696146958,11.392847055706973
1696146959,22.02721136121291
1696146960,24.368362073690857
1696146961,22.553165464997885
1696146962,43.86353133800727
1696146963,22.884313877222265
1696146964,23.03658013836173
1696146965,32.32244236808316
1696146966,17.262693236668426
1696146967,43.347136914008814
1696146968,11.324035725346688
1696146969,48.35511538362675
1696146970,42.38437798211282
1696146971,19.169367792233825
1696146972,10.1790814970158
1696146973,42.85311190481093
1696146974,40.82962354548154
1696146975,37.97714394396783
1696146976,41.9450086297779
1696146977,12.557400764495828
1696146978,23.903266735316464
1696146979,16.832316084979567
1696146980,46.1749697329998
1696146981,36.5589443451036
1696146982,25.846878608414627
1696146983,12.584341694706465
1696146984,23.803198811216415
1696146985,22.38679936788297
1696146986,39.83257983849945
1696146987,35.242012745473154
1696146988,45.6825016330385
1696146989,30.0789110573518
1696146990,13.147328471065123
1696146991,42.71456604029072
1696146992,38.41936718167649
1696146993,30.022710677204383
1696146994,43.15490894518258
1696146995,31.3351492425015
1696146996,32.15755280938407
1696146997,28.358331752870544
1696146998,10.992271524069977
1696146999,12.521148336760515
1696147000,11.408776543856822
1696147001,34.10209302752699
1696147002,24.52447870988857
1696147003,30.048712883583836
1696147004,44.651664563458695
1696147005,19.32891748264901
1696147006,27.241179829976435
1696147007,39.094596436113996
1696147008,17.507485828532037
1696147009,13.566570816135544
1696147010,22.079991258768167
1696147011,15.434965139417917
1696147012,46.24582948246628
1696147013,42.78891505729195
1696147014,32.439981577422294
1696147015,42.0434960587556
1696147016,40.70999463345971
1696147017,17.03590805201774
1696147018,46.32417507079512
1696147019,34.52440211052513
1696147020,44.012925452966535
1696147021,45.523774937012874
1696147022,22.682106583069174
1696147023,12.397018251831453
1696147024,19.08038022969289
1696147025,26.506994267209976
1696147026,43.3660277575759
1696147027,42.77476144314909
1696147028,11.316778249729973
1696147029,33.49536992910779
1696147030,26.478919829037444
1696147031,19.687735863027093
1696147032,16.174902676769538
1696147033,22.702165912373445
1696147034,48.1645731201216
1696147035,22.953302082393797
1696147036,30.946977066832307
1696147037,36.57473878809618
1696147038,24.594204443689645
1696147039,49.867279891329325
1696147040,50.0
1696147041,21.98983348518498
1696147042,34.19630515071853
1696147043,20.500437266894686
1696147044,23.138261048540063
1696147045,11.842161905658015
1696147046,38.762179225631215
1696147047,28.490564358444157
1696147048,10.379706365638022
1696147049,19.947073278576415
1696147050,42.082843990046534
1696147051,18.530965583317375
1696147052,14.277529560541527
1696147053,29.878897984054937
1696147054,50.0
1696147055,23.43455253889179
1696147056,38.786269572607246
1696147057,39.3109773018239
1696147058,17.708672416999274
1696147059,40.11249228748739
1696147060,22.070858894728843
1696147061,38.95515075545189
1696147062,37.70006867187837
1696147063,30.49263605878093
1696147064,10.185321743994578
1696147065,46.119844571900344
1696147066,22.602122908364194
1696147067,19.936373039941095
1696147068,10.0
1696147069,32.43696768162213
1696147070,37.11306187312766
1696147071,10.757474344643729
1696147072,29.583591389012753
1696147073,20.305530872612515
1696147074,33.67167075761281
1696147075,16.68989819015707
1696147076,37.878100787522435
1696147077,26.498291520138995
1696147078,48.89242930564716
1696147079,13.251553582163991
1696147080,20.5744257005391
1696147081,17.09429449342058
1696147082,47.652372755101695
1696147083,43.596601062126126
1696147084,23.41996905965127
1696147085,36.63071110995288
1696147086,45.04748237617629
1696147087,32.34306942679871
1696147088,35.30751898400423
1696147089,23.184773320904476
1696147090,13.226182415277822
1696147091,47.83177222004178
1696147092,47.30747418570351
1696147093,38.06132140599542
1696147094,21.63134472078782
1696147095,25.34048590450331
1696147096,41.15507612850875
1696147097,42.36693142525686
1696147098,43.116939945273145
1696147099,37.11655747878475
1696147100,35.1424521772824
1696147101,14.800683111393877
1696147102,19.46986266797661
1696147103,46.09035710192272
1696147104,37.514393477526184
1696147105,10.0
1696147106,10.652096835930976
1696147107,36.428975366528995
1696147108,10.970594251727363
1696147109,16.36693256051176
1696147110,27.814467374583693
1696147111,37.49756782868215
1696147112,33.469511379094314
1696147113,20.310117476082468
1696147114,39.220365346095136
1696147115,17.610203927217295
1696147116,21.98825409169732
1696147117,37.74122916094306
1696147118,35.859957767342244
1696147119,45.879221060769595
1696147120,34.33306359934265
1696147121,33.740437164454555
1696147122,12.686475476378817
1696147123,23.122886457852655
1696147124,20.3940339873599
1696147125,17.68910109032459
1696147126,47.81312357940346
1696147127,23.328153201492718
1696147128,49.61131247291731
1696147129,35.31607214383397
1696147130,40.39300112568076
1696147131,30.53344354567613
1696147132,32.8514992856727
1696147133,29.25876855368811
1696147134,19.03805291200863
1696147135,40.41310003055483
1696147136,20.169892202413177
1696147137,10.0
1696147138,35.268788441983425
1696147139,12.480584846810785
1696147140,44.58796124971946
1696147141,50.0
1696147142,49.88451103582051
1696147143,24.30827593110502
1696147144,11.77137858726623
1696147145,47.75524281259609
1696147146,33.28512754960305
1696147147,50.0
1696147148,48.28896390060858
1696147149,42.20929733749355
1696147150,18.565063042268285
1696147151,25.81083641581146
1696147152,42.532765370105665
1696147153,19.832372787055757
1696147154,15.486564098958647
1696147155,30.10895449110522
1696147156,50.0
1696147157,39.60447138089782
1696147158,32.786501520941364
1696147159,16.846948028610793
1696147160,34.755025683262026
1696147161,47.879585601514
1696147162,18.649608764000273
1696147163,31.81100618191879
1696147164,43.0204305684653
1696147165,39.250067354000954
1696147166,36.129393133041205
1696147167,35.3337638975557
1696147168,26.232001143853488
1696147169,25.562507051519994
1696147170,39.577311071502265
1696147171,43.530474260548374
1696147172,43.38160760496049
1696147173,45.555371334729465
1696147174,29.268908105959774
1696147175,28.332670248128352
1696147176,42.02885041456066
1696147177,34.33665699828853
1696147178,38.619588741867815
1696147179,41.73123055854577
1696147180,45.122317578969835
1696147181,21.704678949978234
1696147182,23.869775444461094
1696147183,15.270060045286272
1696147184,34.13304001509572
1696147185,10.0
1696147186,28.822585336156855
1696147187,33.20855963504664
1696147188,18.122839522888633
1696147189,34.7200508075203
1696147190,10.0
1696147191,12.635124887154895
1696147192,41.3775041133013
1696147193,20.797861455121478
1696147194,11.827335630309065
1696147195,30.985900295514938
1696147196,41.319187127387394
1696147197,16.82420784966491
1696147198,36.192803950314755
1696147199,10.0908584752128
1696147200,16.174508610968093
1696147201,29.63684961364678
1696147202,32.14113120981095
1696147203,12.557474241040103
1696147204,24.719778947302338
1696147205,16.405121330238497
1696147206,13.541152570261401
1696147207,54.243076386824356
1696147208,25.344364239014485
1696147209,47.49938988111072
1696147210,22.886044410022198
1696147211,42.743201835827115
1696147212,46.89619630524699
1696147213,39.70825390680312
1696147214,34.26883571040886
1696147215,31.78607199717317
1696147216,29.08216464951268
1696147217,57.91133056039494
1696147218,53.633418098895994
1696147219,60.954527290962176
1696147220,18.977745511842333
1696147221,50.25715625458137
1696147222,61.52344572438016
1696147223,22.556806537896072
1696147224,16.724551921053795
1696147225,52.9039650925396
1696147226,44.44985479752568
1696147227,59.44806851379488
1696147228,21.430962781726418
1696147229,58.03156313335845
1696147230,25.315297270903674
1696147231,23.408222586246556
1696147232,23.66441414268013
1696147233,61.38216781534791
1696147234,53.258968696033044
1696147235,45.4014343108553
1696147236,36.08186012932597
1696147237,67.40583836032903
1696147238,38.76157102978041
1696147239,64.92344414174818
1696147240,42.31611010484686
1696147241,38.83281215033207
1696147242,44.52461002109782
1696147243,34.74233829181417
1696147244,63.39323820517984
1696147245,48.23452399388596
1696147246,31.158358763332807
1696147247,74.89536015849028
1696147248,41.637537082842385
1696147249,52.54965434801664
1696147250,77.2012820563624
1696147251,58.82832266819238
1696147252,24.885258413262957
1696147253,81.33835654401148
1696147254,60.470855830338486
1696147255,40.6108379942512
1696147256,27.236025953572113
1696147257,73.60552170507638
1696147258,61.80717503652717
1696147259,56.07380390733539
1696147260,82.48268926614932
1696147261,75.44592450768162
1696147262,29.39346611556052
1696147263,41.405867472287234
1696147264,37.01156824040515
1696147265,74.3298966619567
1696147266,21.355018161370406
1696147267,62.1909633875634
1696147268,77.33965345256645
1696147269,86.67427975090379
1696147270,45.86158294401476
1696147271,83.55090416371687
1696147272,28.319843423773463
1696147273,86.68940527292311
1696147274,30.04759252007084
1696147275,51.86957686229566
1696147276,84.48416127960814
1696147277,32.47490012049575
1696147278,39.173592305972434
1696147279,79.99134843635261
1696147280,80.32810918020336
1696147281,74.2722374966609
1696147282,79.17801667971528
1696147283,66.91760852874023
1696147284,42.627746141259536
1696147285,50.923042120268164
1696147286,37.12606446867113
1696147287,100.26990142914482
1696147288,72.58034225989891
1696147289,57.03112748898785
1696147290,62.770812655716846
1696147291,106.19382664383058
1696147292,35.99135597035793
1696147293,75.06491201113994
1696147294,68.25750612000195
1696147295,78.25116065018408
1696147296,24.497559270854055
1696147297,103.13031778523505
1696147298,109.27675360483961
1696147299,75.78830268822746
1696147300,88.52293322942444
1696147301,110.26984146724267
1696147302,90.53748688422378
1696147303,38.288329031711015
1696147304,79.03627792899952
1696147305,82.40509944471886
1696147306,65.20354185306022
1696147307,95.93912498985598
1696147308,115.8223796382809
1696147309,115.59101765705427
1696147310,69.28699604918442
1696147311,36.10513285079346
1696147312,123.40152182272426
1696147313,109.39966059142428
1696147314,37.84218385397545
1696147315,118.88548346576395
1696147316,114.31182933155904
1696147317,78.88947020945783
1696147318,86.77235598118267
1696147319,67.28790575242154
1696147320,31.760443697974903
1696147321,61.298921767055575
1696147322,110.84891826710835
1696147323,26.945007384166
1696147324,62.057771437385895
1696147325,69.28251320122591
1696147326,84.5857751383481
1696147327,126.29745584549802
1696147328,64.70054868639392
1696147329,65.0858674977158
1696147330,108.19578892332893
1696147331,77.31443014746638
1696147332,52.508118872423424
1696147333,78.09060038879842
1696147334,43.66095144041911
1696147335,47.85801761588245
1696147336,84.39786386881356
1696147337,75.7966362181073
1696147338,132.6132256600606
1696147339,70.0463924742102
1696147340,95.4482130954969
1696147341,101.85873986281668
1696147342,30.515437305964582
1696147343,106.4469633480341
1696147344,50.10454461686054
1696147345,142.41214836864899
1696147346,47.09286804093629
1696147347,78.86576558473178
1696147348,39.97278317833735
1696147349,149.2912983815549
1696147350,90.46465742980429
1696147351,102.12477199197319
1696147352,38.473359865057354
1696147353,121.86809211152521
1696147354,56.29613614481084
1696147355,141.14540361150713
1696147356,56.1998512595174
1696147357,54.65117285019651
1696147358,35.68932986843831
1696147359,90.31874162914372
1696147360,102.35930757640091
1696147361,39.82785912788445
1696147362,129.92303050303343
1696147363,89.47527516326078
1696147364,98.93547922512896
1696147365,88.6209330185633
1696147366,83.83743513350353
1696147367,104.73875590301628
1696147368,52.64057241454472
1696147369,56.33845180373101
1696147370,145.6104512337436
1696147371,157.29518384981415
1696147372,82.30184550744028
1696147373,69.03785566358017
1696147374,119.0006080966984
1696147375,88.0368477494312
1696147376,36.951506986933225
1696147377,54.715139203712866
1696147378,130.64855162069819
1696147379,123.41910381790014
1696147380,37.77402225565882
1696147381,64.5923105896197
1696147382,66.09549379210026
1696147383,127.15336704351694
1696147384,37.34453599675811
1696147385,49.219908586217024
1696147386,146.4966524473895
1696147387,60.02491788239295
1696147388,126.9279142946248
1696147389,68.9007135791701
1696147390,49.506145141424284
1696147391,70.13271425182872
1696147392,138.7837881324399
1696147393,158.42152740358958
1696147394,155.34934507150717
1696147395,93.4195355797074
1696147396,133.01487664294444
1696147397,66.16293366113678
1696147398,79.27413695180809
1696147399,167.92477876663895
1696147400,38.66743999174567
1696147401,49.507145087956964
1696147402,67.81004474202705
1696147403,41.10063926472424
1696147404,64.35458329433098
1696147405,124.70548584950976
1696147406,100.87087228299333
1696147407,172.27973490083622
1696147408,161.5088519499902
1696147409,89.86122999024604
1696147410,77.62318269943039
1696147411,96.28607659333593
1696147412,128.93890288488083
1696147413,79.77140476082015
1696147414,135.0691623499331
1696147415,102.24188694175888
1696147416,124.786738639579
1696147417,107.11834909711231
1696147418,85.29356580917532
1696147419,188.38563688033898
1696147420,159.87173663068333
1696147421,61.73965042564727
1696147422,177.60822573790267
1696147423,117.49572670437067
1696147424,182.97523894828618
1696147425,168.39818754258607
1696147426,108.66646767578432
1696147427,43.996047510686516
1696147428,84.02920163413641
1696147429,128.67365495825462
1696147430,144.07490969472553
1696147431,83.09654037254937
1696147432,63.91169269396056
1696147433,178.66877879597823
1696147434,200.0
1696147435,128.57259342782982
1696147436,70.12004713169782
1696147437,87.13274062470276
1696147438,44.91728914526834
1696147439,195.4775922720303
1696147440,61.93961382724918
1696147441,139.65087740127123
1696147442,88.82648355995852
1696147443,136.73715601305332
1696147444,153.75397928409726
1696147445,184.74779490856335
1696147446,78.33959754767275
1696147447,44.93667310815577
1696147448,66.8186419289405
1696147449,199.23399882184563
1696147450,195.3087907362819
1696147451,147.71629058567385
1696147452,148.71244636612508
1696147453,160.48335522811254
1696147454,74.8312015237239
1696147455,200.0
1696147456,118.36567283374083
1696147457,112.39797016549608
1696147458,136.91364090052932
1696147459,53.03673118992622
1696147460,74.56902083804552
1696147461,177.51560493118603
1696147462,59.97054256791242
1696147463,154.1951170420188
1696147464,89.79238041714913
1696147465,116.22779123519013
1696147466,98.22602852420921
1696147467,110.76315764649972
1696147468,177.73403826188633
1696147469,100.64111825844357
1696147470,150.6116386581165
1696147471,134.331465717907
1696147472,169.53336539906257
1696147473,200.0
1696147474,183.369642221846
1696147475,87.01693507002926
1696147476,52.77591150381035
1696147477,96.42214185014768
1696147478,159.51905822315177
1696147479,57.059200813406584
1696147480,141.68477655900392
1696147481,161.2116888305998
1696147482,111.53391735060912
1696147483,195.44152020873193
1696147484,68.45732351129934
1696147485,62.59174152746874
1696147486,188.83295989321735
1696147487,144.31116181275843
1696147488,182.156772871792
1696147489,133.30083982186633
1696147490,96.88970789242232
1696147491,200.0
1696147492,200.0
1696147493,185.90615500024907
1696147494,103.0319836005612
1696147495,166.24764632767622
1696147496,121.21395172736585
1696147497,67.95084187782007
1696147498,200.0
1696147499,77.36372618379228


1696149000,489.3300782081711
1696149001,333.99320966154426
1696149002,249.1250095611428
1696149003,367.4490070622182
1696149004,479.9272318607899
1696149005,417.75842800559536
1696149006,449.16592377991674
1696149007,384.70228043450356
1696149008,398.11860558717564
1696149009,459.48275824839953
1696149010,289.7415629431154
1696149011,350.3836225807987
1696149012,263.23225224064913
1696149013,496.29331645322765
1696149014,470.7137245662868
1696149015,217.87319667410543
1696149016,420.49588237794063
1696149017,473.05359189636897
1696149018,249.47218206060506
1696149019,373.0423514623093
1696149020,470.2792919160066
1696149021,209.52246742948142
1696149022,430.22329806571713
1696149023,286.73444520430525
1696149024,473.73545709274686
1696149025,484.8420554932587
1696149026,490.7218664490295
1696149027,340.45202326505813
1696149028,452.1190649135798
1696149029,466.5778598832513
1696149030,309.92617201811305
1696149031,442.6704065878162
1696149032,192.43689090104164
1696149033,388.9561004429852
1696149034,262.1563529287109
1696149035,244.07632172481132
1696149036,203.38492231164437
1696149037,417.81260614643503
1696149038,289.850769837612
1696149039,424.7376726492937
1696149040,219.74963291804704
1696149041,285.04770715521664
1696149042,357.77702458333334
1696149043,444.0801340212561
1696149044,296.6846954107733
1696149045,393.6115427358276
1696149046,485.557730316011
1696149047,369.1165403375809
1696149048,286.05996817577636
1696149049,208.36379384219353
1696149050,452.0418216870477
1696149051,193.07768699772623
1696149052,460.5192978974895
1696149053,367.89764132740817
1696149054,480.4448183500935
1696149055,454.7465200345731
1696149056,484.86847625948565
1696149057,305.0926551570525
1696149058,417.63255223520684
1696149059,324.21559290902235
1696149060,352.8315599921457
1696149061,384.04402102870046
1696149062,436.0609956896303
1696149063,497.2145222277535
1696149064,434.8494096766905
1696149065,329.3729821998171
1696149066,338.76492260134256
1696149067,410.56415368017696
1696149068,278.4353047849952
1696149069,245.06730906419813
1696149070,288.6007714521678
1696149071,289.36821575541427
1696149072,283.8506378267203
1696149073,269.2670985839565
1696149074,216.10472172629193
1696149075,200.4898947788886
1696149076,489.5596361291934
1696149077,328.67346429563895
1696149078,304.42553475927645
1696149079,393.0359335190691
1696149080,272.2698991890843
1696149081,473.500414833481
1696149082,442.56662933375776
1696149083,231.44921362221737
1696149084,308.0161654475725
1696149085,456.95984574529285
1696149086,495.3607007178968
1696149087,330.4087980635641
1696149088,379.37937414011844
1696149089,254.73079276014153
1696149090,505.18449293391893
1696149091,266.98612155458807
1696149092,476.84443029362126
1696149093,409.1176933146956
1696149094,399.7100351016335
1696149095,363.59513381277054
1696149096,270.05412494097783
1696149097,244.8757523852432
1696149098,257.84141865548696
1696149099,261.15661969593395
1696149100,438.05932427891287
1696149101,319.0535636794833
1696149102,223.8573038943803
1696149103,475.69998602464517
1696149104,475.6552416662569
1696149105,468.34507868541976
1696149106,494.63263407440706
1696149107,254.67057682836312
1696149108,338.8292805686373
1696149109,458.570728271281
1696149110,414.8734160074995
1696149111,244.33680571475264
1696149112,450.09499398199085
1696149113,276.2087258097365
1696149114,263.93860819121505
1696149115,379.0444404271473
1696149116,380.182688044425
1696149117,379.00329324225726
1696149118,234.1052937398711
1696149119,467.4541248952587
1696149120,288.06941778130795
1696149121,232.681944519372
1696149122,461.04140642123286
1696149123,475.6939071392091
1696149124,463.03329748583747
1696149125,450.64418745258456
1696149126,401.15032285322536
1696149127,382.00213551621715
1696149128,226.04006778513258
1696149129,329.22338047713475
1696149130,300.88954634230106
1696149131,274.0551381033539
1696149132,423.9814116822333
1696149133,357.25374163106267
1696149134,221.37419529565256
1696149135,265.3389680663627
1696149136,389.79889163107066
1696149137,219.26896583902396
1696149138,464.2659058498285
1696149139,354.2960082652579
1696149140,349.1826304118065
1696149141,378.2200722696649
1696149142,447.4749213638265
1696149143,297.73955097592346
1696149144,410.3931299697444
1696149145,373.9293186426312
1696149146,285.0286695307544
1696149147,458.32864747987156
1696149148,417.694377283366
1696149149,408.5070775150646
1696149150,450.38614416818854
1696149151,451.5605026475095
1696149152,419.44368213365044
1696149153,447.18387210991034
1696149154,419.8408023412513
1696149155,410.2122910238571
1696149156,392.41910669656005
1696149157,412.15543475528705
1696149158,259.7009714417861
1696149159,466.8737330720171
1696149160,457.86028693110757
1696149161,210.20806958379026
1696149162,429.9826728404456
1696149163,242.74748835684025
1696149164,290.24194119592187
1696149165,409.525774029047
1696149166,233.00437695231355
1696149167,456.51699098561795
1696149168,443.3476194503947
1696149169,367.5775972274158
1696149170,196.5577468845271
1696149171,269.03786037654436
1696149172,373.91283111323605
1696149173,506.71396960829645
1696149174,387.9850763256339
1696149175,272.45820135434195
1696149176,391.80189318841127
1696149177,367.0134412764321
1696149178,445.1276067043677
1696149179,246.5791839470168
1696149180,424.71068429271753
1696149181,349.11949674201264
1696149182,484.7629495464656
1696149183,305.1644548774347
1696149184,380.1489786780783
1696149185,470.0369225040548
1696149186,234.19079721270265
1696149187,480.6820226552308
1696149188,406.69368664435984
1696149189,212.76616438455088
1696149190,287.98506294198717
1696149191,403.2092951509014
1696149192,229.10716455187938
1696149193,385.0036314001195
1696149194,285.3030384635061
1696149195,376.97954672831906
1696149196,198.75731759285307
1696149197,454.9608025016439
1696149198,491.21231105531547
1696149199,476.1669043887222
1696149200,415.6769513916243
1696149201,228.98629831837462
1696149202,429.55163207269624
1696149203,208.06951830800296
1696149204,199.41968992532662
1696149205,298.85127446625637
1696149206,341.12615627552714
1696149207,428.4056742390774
1696149208,421.7231338849369
1696149209,347.17542243092794
1696149210,269.09218751522377
1696149211,507.43467422610513
1696149212,335.9683562157078
1696149213,323.93347441137644
1696149214,257.27492279504935
1696149215,453.82218380910433
1696149216,396.8792196720025
1696149217,257.0558556264855
1696149218,234.89092835318786
1696149219,406.86474373067034
1696149220,401.8681270367358
1696149221,285.38375026346773
1696149222,489.16602788440457
1696149223,232.05264625115922
1696149224,340.17361737899506
1696149225,494.7806759745574
1696149226,323.6242876371564
1696149227,391.12301480108704
1696149228,303.96724436328105
1696149229,287.40710826477937
1696149230,500.9138688050899
1696149231,322.1782917245198
1696149232,479.47329470244534
1696149233,265.64560945752646
1696149234,269.577470466461
1696149235,199.14358147843225
1696149236,395.2645261040231
1696149237,308.8143605381
1696149238,461.5605541723005
1696149239,338.2677027191336
1696149240,489.14330241769983
1696149241,263.91812642535143
1696149242,456.219308014301
1696149243,416.91328483013575
1696149244,448.77239243526986
1696149245,467.24950922197115
1696149246,415.38457033184346
1696149247,394.7631745418766
1696149248,234.34371559920282
1696149249,212.39272600068617
1696149250,479.19659563484095
1696149251,382.6510163530582
1696149252,431.1235306369889
1696149253,337.55129493060247
1696149254,226.0305375339059
1696149255,229.2375155784607
1696149256,404.99780326819786
1696149257,321.9341685787313
1696149258,266.97793866722725
1696149259,362.3508255757903
1696149260,213.46214870883978
1696149261,376.98546557967336
1696149262,285.6948724335586
1696149263,443.9877529003492
1696149264,293.868140356233
1696149265,343.99286890813755
1696149266,208.30865149923676
1696149267,209.35744211509467
1696149268,326.4396275658982
1696149269,352.8545587878045
1696149270,372.3733033940053
1696149271,287.878151967267
1696149272,415.32785576607347
1696149273,455.9435809609677
1696149274,444.6850771456651
1696149275,235.52437255070075
1696149276,336.2922238509989
1696149277,217.66860749391472
1696149278,275.65169071480705
1696149279,503.21440303140537
1696149280,240.4399991320063
1696149281,364.1990526686171
1696149282,372.0606622982032
1696149283,417.6686773935473
1696149284,361.8359968384853
1696149285,220.12503328782807
1696149286,317.86354600487874
1696149287,347.64692713757995
1696149288,220.86437838436422
1696149289,313.78395823255227
1696149290,206.08962613951482
1696149291,223.11943696718384
1696149292,319.33086706590296
1696149293,220.61799465094157
1696149294,370.12387701752505
1696149295,399.94221300053795
1696149296,435.24478150872716
1696149297,274.4813933081312
1696149298,237.67970573492835
1696149299,239.50240396779984
1696149300,388.139445559773
1696149301,409.14511626111204
1696149302,217.37956240820975
1696149303,484.26418681879585
1696149304,221.29751506763702
1696149305,372.0707471956497
1696149306,409.4050720034417
1696149307,455.1683697787482
1696149308,403.37457437415037
1696149309,432.264319621148
1696149310,331.3260020159291
1696149311,456.8943299313216
1696149312,210.52371025332232
1696149313,455.2204172507226
1696149314,369.0963734633057
1696149315,450.66197896252777
1696149316,341.1843237086637
1696149317,390.5237506234205
1696149318,356.66625568080497
1696149319,422.75565176819316
1696149320,225.34792467211017
1696149321,195.9126214696938
1696149322,271.832973897292
1696149323,239.34933969135335
1696149324,463.28718416674565
1696149325,295.6167862334474
1696149326,496.4343934004824
1696149327,297.93344066960805
1696149328,263.8533897263823
1696149329,441.7364310148359
1696149330,401.8132775547812
1696149331,355.52722086809837
1696149332,387.1745009295848
1696149333,404.45164912842
1696149334,273.27274316750413
1696149335,489.6363635172072
1696149336,497.9930751074574
1696149337,385.9108407892201
1696149338,255.68906714269272
1696149339,401.11757358700834
1696149340,231.41768988719986
1696149341,218.38029510116596
1696149342,264.84769278890025
1696149343,339.33622813179335
1696149344,453.3859530750224
1696149345,405.56567182313904
1696149346,420.64178585575064
1696149347,324.5631724498644
1696149348,328.04766262754407
1696149349,315.64122714898775
1696149350,482.518694113275
1696149351,206.38501738203533
1696149352,470.32328179102853
1696149353,394.4870503004173
1696149354,315.72479263449753
1696149355,398.77805427315053
1696149356,364.7103341811287
1696149357,465.9231131982072
1696149358,461.52763188461387
1696149359,331.862568923261
1696149360,256.6908617803467
1696149361,377.7388536439803
1696149362,476.98721541343815
1696149363,272.44135809707825
1696149364,376.7510155461194
1696149365,390.32493764178975
1696149366,410.6796604639884
1696149367,242.0241430949211
1696149368,405.7940261809963
1696149369,468.6287478080901
1696149370,243.9467787131703
1696149371,277.77435989539987
1696149372,500.0030393790585
1696149373,251.94688011327278
1696149374,456.697907960474
1696149375,333.19744278807497
1696149376,271.17255584088525
1696149377,460.72292421133596
1696149378,359.7995074110994
1696149379,343.3255359211654
1696149380,322.4117832074541
1696149381,387.85384316513625
1696149382,251.86352582040817
1696149383,334.91066583747954
1696149384,494.5447514266549
1696149385,281.33162176701757
1696149386,396.48979283221223
1696149387,309.79270809159476
1696149388,443.00663004408904
1696149389,233.0053253405428
1696149390,477.7538415775757
1696149391,334.1070560411352
1696149392,262.8147533599627
1696149393,221.41377845285024
1696149394,263.3017528731036
1696149395,351.35916801593737
1696149396,300.6727191162701
1696149397,449.2452371128668
1696149398,337.7505659205947
1696149399,252.14538843644291
1696149400,379.07649303355606
1696149401,414.14600198842845
1696149402,262.11336193455355
1696149403,245.36674041143326
1696149404,192.23590101964413
1696149405,427.11771897935347
1696149406,392.78773439828524
1696149407,330.4925961340405
1696149408,447.00768079362695
1696149409,439.85579230845747
1696149410,369.5588626736435
1696149411,438.4257235829869
1696149412,270.72302497990177
1696149413,246.32463623210558
1696149414,287.440103368492
1696149415,205.7492001225463
1696149416,357.3359430608344
1696149417,480.91649453619385
1696149418,217.791006096172
1696149419,243.31637909018886
1696149420,328.31797049724565
1696149421,480.9824608225071
1696149422,299.41963553917753
1696149423,366.72866582798537
1696149424,219.51692311336487
1696149425,252.39352716238184
1696149426,496.82730316694773
1696149427,503.6402003828487
1696149428,205.57962223991785
1696149429,476.932656525236
1696149430,405.769681045902
1696149431,467.3545210813969
1696149432,331.99151647887294
1696149433,349.88387889978264
1696149434,349.6197295284837
1696149435,404.69112521650715
1696149436,243.86829908320593
1696149437,212.10516369623224
1696149438,309.3785562231211
1696149439,422.1196603433429
1696149440,262.4623915495348
1696149441,411.44283580515
1696149442,480.6483747969057
1696149443,232.14948523629363
1696149444,419.873698964869
1696149445,330.9446068374476
1696149446,451.9663370270607
1696149447,246.62404794828515
1696149448,396.89145529442544
1696149449,443.58696781315604
1696149450,479.6791848563067
1696149451,390.9187382951073
1696149452,349.3086125420242
1696149453,394.3769437982306
1696149454,451.59393354214626
1696149455,386.37576322806655
1696149456,214.22403879432702
1696149457,489.5904145083339
1696149458,400.2796797709469
1696149459,411.4992680038401
1696149460,253.783206715362
1696149461,406.56811607816223
1696149462,319.87771509418286
1696149463,400.9024053122954
1696149464,220.2219630361487
1696149465,388.4028929581448
1696149466,505.7963999137338
1696149467,204.9801316159248
1696149468,497.7843181873864
1696149469,308.4010101522588
1696149470,469.7077772278444
1696149471,422.3904120697969
1696149472,375.6278776727956
1696149473,427.79107211185794
1696149474,456.5869502061086
1696149475,327.0623621661572
1696149476,300.71437110230715
1696149477,394.88959710714806
1696149478,432.26823574161546
1696149479,409.059283516259
1696149480,442.8405951305873
1696149481,315.02696673025935
1696149482,446.30370684691957
1696149483,233.42823445036004
1696149484,370.1381571426368
1696149485,198.70714315453782
1696149486,294.0812711066102
1696149487,317.25716750430234
1696149488,322.2023877736178
1696149489,411.8017215787865
1696149490,321.26010627918896
1696149491,319.25236555468814
1696149492,278.8311260621681
1696149493,318.1002254289381
1696149494,258.01405689318045
1696149495,219.51797239379107
1696149496,380.641505138137
1696149497,399.11887172248754
1696149498,389.1857034685697
1696149499,353.36188095848354
1696149500,324.75340133049724
1696149501,445.8779029372335
1696149502,361.9452354439259
1696149503,357.0438964842734
1696149504,211.56070494882275
1696149505,313.28415253970655
1696149506,334.1813900927648
1696149507,329.88392973014
1696149508,376.54479672461696
1696149509,370.53164875891105
1696149510,383.8204061690023
1696149511,429.704008895488
1696149512,440.38157925769076
1696149513,431.0710564562694
1696149514,478.4728221270604
1696149515,220.79345204968965
1696149516,263.7320369424675
1696149517,188.27580074542323
1696149518,397.91890717629514
1696149519,448.4088996084798
1696149520,279.29976914120016
1696149521,486.96267826878193
1696149522,212.15665753034773
1696149523,481.5662850012101
1696149524,325.0283805093932
1696149525,225.3687814921456
1696149526,335.1724518853317
1696149527,291.8496043407784
1696149528,305.0877424938848
1696149529,292.2239461963644
1696149530,451.02239970388257
1696149531,375.16314215788515
1696149532,285.9674674214172
1696149533,378.2470766395968
1696149534,427.1539473985054
1696149535,298.6373430071452
1696149536,329.693539059349
1696149537,227.7676844660637
1696149538,274.2154159773985
1696149539,399.0256472113752
1696149540,251.08012649697358
1696149541,360.97239344501423
1696149542,428.25548272387755
1696149543,240.6028366939454
1696149544,374.34232089229016
1696149545,281.60172041159024
1696149546,489.3132092577086
1696149547,350.64508916116245
1696149548,416.5021641556044
1696149549,362.10188805618054
1696149550,215.43697920561354
1696149551,378.4352718420116
1696149552,489.2842358401127
1696149553,378.4388338340382
1696149554,463.311414811192
1696149555,480.9921362566709
1696149556,263.7658758934981
1696149557,262.105074856801
1696149558,382.55482099921363
1696149559,318.79194618041515
1696149560,453.9086407002974
1696149561,462.4241163305274
1696149562,294.7202604414402
1696149563,277.2882799313473
1696149564,440.4529504153766
1696149565,274.3986530678409
1696149566,455.73784986172956
1696149567,320.80569880297554
1696149568,402.79662216782094
1696149569,236.864034276525
1696149570,386.8216717559348
1696149571,340.0777127425801
1696149572,370.8182425137665
1696149573,248.43959648917806
1696149574,419.0035291744512
1696149575,451.37333979756613
1696149576,263.25419839607486
1696149577,213.22818366741106
1696149578,202.1800383424799
1696149579,389.74269519928316
1696149580,379.5664133016804
1696149581,361.5942493555132
1696149582,268.96648683619134
1696149583,322.06621395251506
1696149584,387.0880712971771
1696149585,342.53240538926815
1696149586,484.30364751057476
1696149587,230.5114816445889
1696149588,403.67133700232887
1696149589,317.77641725312253
1696149590,320.7599238157099
1696149591,402.31816305495397
1696149592,403.169637122569
1696149593,499.1910643117962
1696149594,244.46858149459322
1696149595,225.6586642841667
1696149596,413.171666917188
1696149597,364.2490920134496
1696149598,281.933808264194
1696149599,215.34152435478785
1696149600,231.42875301134117
1696149601,450.39859747989436
1696149602,253.96390069109827
1696149603,300.02254202657366
1696149604,269.83526583132146
1696149605,333.42922838938614
1696149606,224.32515306950708
1696149607,345.677391304061
1696149608,219.32912660677374
1696149609,422.34448901204394
1696149610,269.3076270801623
1696149611,353.6730138113456
1696149612,473.1776290240391
1696149613,389.76780796820293
1696149614,358.7196768074481
1696149615,290.9445475205686
1696149616,317.2890874359927
1696149617,397.63365889827793
1696149618,516.5673788011422
1696149619,406.69327457599627
1696149620,372.15569248436134
1696149621,422.882484544949
1696149622,343.499656667278
1696149623,198.76597698677946
1696149624,365.9002108218654
1696149625,495.7391650634573
1696149626,252.10191087255686
1696149627,392.94956877816395
1696149628,259.7560620919423
1696149629,377.7893605044793
1696149630,241.47185204936306
1696149631,334.49124078379526
1696149632,436.3634914391547
1696149633,300.60638706801416
1696149634,382.4348014778982
1696149635,429.3903283556232
1696149636,493.78223352891774
1696149637,267.65269373834303
1696149638,317.3609349490423
1696149639,242.72642203637645
1696149640,516.7864165432427
1696149641,494.35987953090927
1696149642,384.1749414186492
1696149643,451.01953620892584
1696149644,359.2436380690836
1696149645,371.90928090662004
1696149646,241.50667389598772
1696149647,414.903330636363
1696149648,240.48180072819676
1696149649,436.8472637994301
1696149650,428.7197580337288
1696149651,404.2507850123959
1696149652,204.76936155067045
1696149653,285.5472797521088
1696149654,273.4510830240021
1696149655,316.3742613592588
1696149656,215.24419609852637
1696149657,483.2927611794575
1696149658,378.3202637367685
1696149659,286.5253295522731
1696149660,311.915266214809
1696149661,331.8555158996482
1696149662,391.9755520917922
1696149663,356.64490461848294
1696149664,470.50544901824924
1696149665,353.9278113836295
1696149666,486.6244829486296
1696149667,462.2410824279582
1696149668,266.63922738421843
1696149669,476.10047968178606
1696149670,226.5240613811705
1696149671,436.3681033245229
1696149672,319.53516140643313
1696149673,475.68210115841146
1696149674,454.04392956194715
1696149675,446.36148707080116
1696149676,416.1388607060977
1696149677,285.55756442284024
1696149678,223.96519558666662
1696149679,311.7972194597301
1696149680,242.69229074805665
1696149681,401.8075311060497
1696149682,306.75184524459945
1696149683,490.8097700739107
1696149684,369.9093108703499
1696149685,425.5371675639576
1696149686,233.68875004398276
1696149687,463.1812105423223
1696149688,449.352108726766
1696149689,341.12127388416445
1696149690,376.613402760119
1696149691,443.32631805298314
1696149692,248.60137006099512
1696149693,354.599712786442
1696149694,321.01147973256855
1696149695,222.60653285060275
1696149696,317.9423988537768
1696149697,222.60565787021096
1696149698,212.826258481592
1696149699,279.81226381081007
1696149700,468.09340408176627
1696149701,382.1058272661162
1696149702,486.87217315196244
1696149703,332.6226525430697
1696149704,293.08971747256544
1696149705,347.6001955180928
1696149706,326.1551773074855
1696149707,234.99449263425325
1696149708,377.07615744034507
1696149709,272.3172464280975
1696149710,381.7144424204963
1696149711,383.75963432904246
1696149712,241.1073273586363
1696149713,230.97638030182617
1696149714,428.8751249503697
1696149715,341.52466331289224
1696149716,210.139575894488
1696149717,506.03911365016637
1696149718,224.18924568681203
1696149719,426.9966569905301
1696149720,493.3480381240319
1696149721,278.4405793123567
1696149722,243.6554860015483
1696149723,249.3741996453588
1696149724,283.79422039419137
1696149725,237.76379643196682
1696149726,405.70142954707273
1696149727,218.04565766793382
1696149728,353.74416328942067
1696149729,501.53146012015986
1696149730,443.02879042058606
1696149731,386.71296330100853
1696149732,307.6572668116053
1696149733,397.02324774364376
1696149734,366.80398509846447
1696149735,323.2696199068728
1696149736,230.3207047397766
1696149737,475.5342701545175
1696149738,343.69586257169465
1696149739,273.1134603037393
1696149740,304.2879990034946
1696149741,321.9434392050746
1696149742,431.866527044808
1696149743,416.1596031078119
1696149744,440.7571731981964
1696149745,198.64442553631218
1696149746,331.2509974059367
1696149747,342.498214430619
1696149748,208.9982533291326
1696149749,266.4670487253536
1696149750,428.93904143297954
1696149751,211.2215520096925
1696149752,358.72407785415766
1696149753,248.25582916801983
1696149754,215.69617755863612
1696149755,280.1345108075075
1696149756,497.4288362926769
1696149757,455.67119583649065
1696149758,478.38382808806165
1696149759,363.8298451570643
1696149760,242.2427752458549
1696149761,362.02229381991845
1696149762,347.6694018398177
1696149763,442.2441896977685
1696149764,221.17963261999665
1696149765,340.38644387413643
1696149766,239.72482232755513
1696149767,286.83720163941547
1696149768,433.4379538872932
1696149769,340.2168948069317
1696149770,316.2915352272996
1696149771,312.6393699068738
1696149772,319.6279975163108
1696149773,438.2055367350313
1696149774,448.50285692787253
1696149775,485.91406549032376
1696149776,422.3878654882604
1696149777,314.4948287167119
1696149778,415.55403904770986
1696149779,332.3384751293324
1696149780,289.03825339036206
1696149781,443.79831405311944
1696149782,216.96269847539844
1696149783,472.52670197781424
1696149784,341.08344020075697
1696149785,403.8839780435518
1696149786,405.13109768953285
1696149787,471.42255884021114
1696149788,374.4520302878792
1696149789,374.5796124752239
1696149790,218.76852283224977
1696149791,356.45613032632775
1696149792,233.74866299837325
1696149793,445.3468973722299
1696149794,368.8305167963381
1696149795,410.0895169664308
1696149796,213.22223879355275
1696149797,223.31551511472944
1696149798,405.37783181858237
1696149799,222.40010598479063
1696149800,223.9545437310051
1696149801,191.21493681565
1696149802,490.292183662293
1696149803,419.6999173494546
1696149804,286.8973469718453
1696149805,280.3568242785015
1696149806,300.7749135895384
1696149807,451.2729359277564
1696149808,403.9767145664619
1696149809,242.20385466924148
1696149810,257.09316349440167
1696149811,214.04565502463555
1696149812,408.91772644927215
1696149813,424.600552148342
1696149814,278.5775666101095
1696149815,219.54145478469576
1696149816,211.7798645570857
1696149817,476.38682860237924
1696149818,282.797439979766
1696149819,441.15073286163323
1696149820,372.20560990151074
1696149821,286.26033591476306
1696149822,257.1945900745766
1696149823,241.93333344693113
1696149824,396.5065079090483
1696149825,427.7585205704824
1696149826,389.05700999117914
1696149827,370.62964731730494
1696149828,193.88795003253665
1696149829,486.66142552648506
1696149830,441.51849639562295
1696149831,292.33879822313975
1696149832,488.8930318757464
1696149833,380.90888700795506
1696149834,349.8435239280441
1696149835,417.83946970552114
1696149836,448.066023552586
1696149837,387.120641856904
1696149838,239.018566125756
1696149839,305.9489768063765
1696149840,474.9996000892373
1696149841,269.0893212631213
1696149842,302.0227814984079
1696149843,327.55695208629834
1696149844,337.9236586042279
1696149845,385.45160435804195
1696149846,477.0574386277729
1696149847,274.4499775926594
1696149848,243.59651079664158
1696149849,238.7417341722064
1696149850,477.6682107123398
1696149851,390.3806964097511
1696149852,290.02693610415037
1696149853,456.75655092703744
1696149854,444.69426193672615
1696149855,446.8598915828079
1696149856,472.7924731331093
1696149857,267.8347708407642
1696149858,443.8619443822516
1696149859,329.59412824397407
1696149860,447.0440980721498
1696149861,420.59109346451373
1696149862,420.91273868915647
1696149863,392.89174418675884
1696149864,256.4031634534138
1696149865,360.1794716252564
1696149866,494.46705326835297
1696149867,475.92309882465196
1696149868,197.80741764729584
1696149869,252.66037683222353
1696149870,257.06796275284097
1696149871,417.97798930342304
1696149872,447.58824012955904
1696149873,270.98063744437013
1696149874,339.0625029200817
1696149875,469.23605498465605
1696149876,421.8637513941032
1696149877,378.9897306384456
1696149878,369.77397718239195
1696149879,370.68878330046226
1696149880,297.016090335994
1696149881,375.0369987162284
1696149882,409.0058351585587
1696149883,459.51158857749783
1696149884,402.89272277851313
1696149885,429.7400598114279
1696149886,228.3507934505004
1696149887,327.29537770886697
1696149888,200.94102842620052
1696149889,277.1036491881424
1696149890,417.3726296449025
1696149891,509.73269330274564
1696149892,210.24241123577852
1696149893,321.88417412343813
1696149894,421.8414983558763
1696149895,268.8078133435113
1696149896,365.58089764626584
1696149897,424.1174885291436
1696149898,376.156805472156
1696149899,269.2020697012024
1696149900,317.03261724631034
1696149901,441.9540083610012
1696149902,366.59668736283254
1696149903,208.75144439246023
1696149904,424.97671881201234
1696149905,221.5866601031162
1696149906,446.09100530337776
1696149907,275.6775304136468
1696149908,488.6710875350745
1696149909,320.2833119939909
1696149910,291.4917417544677
1696149911,256.5177787238959
1696149912,304.09441242487406
1696149913,457.14659095289556
1696149914,502.45922476203543
1696149915,317.9282600684194
1696149916,343.37702444907967
1696149917,419.8256237992088
1696149918,488.55936322569113
1696149919,396.50842052911867
1696149920,329.5535061484051
1696149921,331.00238893779346
1696149922,439.68818892775846
1696149923,228.64958281479133
1696149924,401.3859883429522
1696149925,317.2407074848223
1696149926,468.8052096901227
1696149927,237.79088313286394
1696149928,398.4301515176641
1696149929,374.3779725787667
1696149930,398.5387418506552
1696149931,248.68317756537698
1696149932,401.39847568106643
1696149933,391.07773011040825
1696149934,395.0885418451722
1696149935,410.31124041127725
1696149936,416.51295379042165
1696149937,494.01783977746015
1696149938,305.1451452192894
1696149939,491.15696656089773
1696149940,390.93811583392227
1696149941,232.32552596281104
1696149942,243.0710765312189
1696149943,326.0635800103814
1696149944,487.3922385696244
1696149945,430.1787031705822
1696149946,480.1704165536324
1696149947,385.66011435152467
1696149948,372.3030225233857
1696149949,276.07273780412737
1696149950,323.79330986366926
1696149951,359.74099586386274
1696149952,251.55716979306652
1696149953,287.54532742815616
1696149954,434.48569204656104
1696149955,468.0310612098865
1696149956,529.0424352704558
1696149957,536.5697374435242
1696149958,431.7240083169071
1696149959,350.7594060253432
1696149960,428.99893542582737
1696149961,496.0646842217905
1696149962,283.1027504642569
1696149963,371.8085588862343
1696149964,509.35961558104344
1696149965,365.9404743381948
1696149966,420.853028244951
1696149967,424.4432737683425
1696149968,280.68100442912527
1696149969,335.84536281647564
1696149970,342.62053547242226
1696149971,242.52121123985808
1696149972,239.33461406379283
1696149973,517.6753824196942
1696149974,317.31877659284214
1696149975,421.8241271258404
1696149976,323.187004309123
1696149977,573.8956034090188
1696149978,314.23140670894384
1696149979,377.8542100786371
1696149980,526.7331984542136
1696149981,528.2175500905183
1696149982,314.0326068796427
1696149983,528.2936336169718
1696149984,412.130574393925
1696149985,416.31793225117593
1696149986,272.82181454247217
1696149987,263.62208999041576
1696149988,490.9602734827882
1696149989,433.9676196245805
1696149990,382.9757763532744
1696149991,514.3942053106435
1696149992,528.3490893164511
1696149993,320.9966493492704
1696149994,458.22149942466757
1696149995,300.086058952111
1696149996,543.9576053325311
1696149997,475.26670991224665
1696149998,574.4596355010418
1696149999,246.35191669736383
1696150000,274.1308640275357
1696150001,325.55384536200114
1696150002,337.1431942094616
1696150003,342.27562025489266
1696150004,583.3337479240749
1696150005,344.3183584357432
1696150006,350.7346874489657
1696150007,545.4914975790168
1696150008,403.58136780252283
1696150009,529.6036395318125
1696150010,263.73454939019314
1696150011,442.1319717945928
1696150012,273.67730595041655
1696150013,279.44576307954986
1696150014,606.456592437814
1696150015,288.8346226972748
1696150016,473.5335285846769
1696150017,426.6848597419134
1696150018,393.347844560484
1696150019,616.8990075713633
1696150020,240.69868336233029
1696150021,499.9235331959369
1696150022,612.3953647789007
1696150023,477.9518456909502
1696150024,600.3509398246389
1696150025,285.3358289830702
1696150026,434.46518809089
1696150027,365.52199035788885
1696150028,542.2767393649757
1696150029,623.5578704753866
1696150030,346.14071191821137
1696150031,527.8721792924522
1696150032,345.69532033959104
1696150033,478.45199841160087
1696150034,434.8673628370396
1696150035,612.9038654784295
1696150036,484.3558944109832
1696150037,422.7054930250284
1696150038,289.403127045292
1696150039,323.73240569752784
1696150040,364.1516825002483
1696150041,345.15778799083483
1696150042,601.4113057224473
1696150043,497.9187990588864
1696150044,471.5549171206351
1696150045,347.9903992520887
1696150046,584.7106732597483
1696150047,567.2145389097119
1696150048,290.5385172183124
1696150049,559.3142020785373
1696150050,490.1023020322844
1696150051,290.1450902617054
1696150052,454.67800681755057
1696150053,438.0756343806036
1696150054,343.3906099277184
1696150055,654.5155214358485
1696150056,621.5019211359205
1696150057,554.9412723441264
1696150058,462.70668859095576
1696150059,439.9753587001658
1696150060,524.0498041303701
1696150061,484.1996420907615
1696150062,313.6393403257315
1696150063,501.601593040039
1696150064,599.906069465917
1696150065,462.388338858444
1696150066,282.81619703517026
1696150067,613.9092300937725
1696150068,366.87784099440705
1696150069,408.6619037997862
1696150070,331.63395844775016
1696150071,407.6173421855867
1696150072,593.625705548704
1696150073,501.7123618124654
1696150074,359.6848823354423
1696150075,631.6125097483904
1696150076,657.7680515574447
1696150077,652.8211969605007
1696150078,366.4154990245548
1696150079,487.8757204677938
1696150080,710.3041099813056
1696150081,607.2811997979578
1696150082,293.5473380469121
1696150083,316.7452427007486
1696150084,465.8760160469642
1696150085,667.7655526608322
1696150086,480.81223660443516
1696150087,507.08773880483625
1696150088,306.3789228557036
1696150089,585.3293985861128
1696150090,630.7216315021975
1696150091,444.5872690173724
1696150092,608.5419081269125
1696150093,695.3330929353327
1696150094,394.1387411359911
1696150095,476.1999052283307
1696150096,429.2482250284256
1696150097,634.6149863780548
1696150098,520.3160092381298
1696150099,547.6854470867348
1696150100,659.0917613189638
1696150101,447.6598787231382
1696150102,671.0573421437684
1696150103,538.9574597382909
1696150104,364.5817265036672
1696150105,581.537417027839
1696150106,641.8572219743271
1696150107,415.911336886209
1696150108,684.7975731649224
1696150109,706.7802620304043
1696150110,423.1237679842719
1696150111,732.755397392787
1696150112,382.36810275255567
1696150113,384.0901802312389
1696150114,359.3508774820068
1696150115,698.7844334612672
1696150116,617.602116098661
1696150117,349.16547143094493
1696150118,487.7908800012893
1696150119,578.1578658341647
1696150120,334.3779054639026
1696150121,678.557746381994
1696150122,675.6823308549162
1696150123,560.68462830846
1696150124,737.3278709446972
1696150125,474.60732712357526
1696150126,720.9493388342826
1696150127,606.4506591104725
1696150128,605.062748142005
1696150129,384.2138645104075
1696150130,702.2572623611969
1696150131,488.0134064484257
1696150132,360.45722948888573
1696150133,322.08802562225577
1696150134,573.356022162894
1696150135,521.9599377374718
1696150136,658.3613317811925
1696150137,722.1126695227
1696150138,363.73708847164
1696150139,621.9133493470118
1696150140,372.0774262180098
1696150141,700.4287952782277
1696150142,693.4181985819373
1696150143,585.739046266999
1696150144,648.1928176215528
1696150145,450.9664618784748
1696150146,512.2820562247286
1696150147,710.896515607546
1696150148,509.1711282845023
1696150149,502.8953934461201
1696150150,537.5332846084046
1696150151,723.6898950353047
1696150152,479.66014809558635
1696150153,391.89735804232424
1696150154,639.1915584316229
1696150155,696.4823120354838
1696150156,368.01267317956206
1696150157,428.6683622789781
1696150158,372.48573774123435
1696150159,477.1556139926342
1696150160,530.1773301131801
1696150161,637.5699176483015
1696150162,633.0307411117128
1696150163,596.7585485481811
1696150164,466.95624165722694
1696150165,692.3430648356224
1696150166,514.8531471852531
1696150167,765.3989434183713
1696150168,611.5948162339457
1696150169,411.45835805863624
1696150170,636.4165128051534
1696150171,479.7595605144002
1696150172,657.9421466659599
1696150173,357.15609529390645
1696150174,405.11170745425903
1696150175,716.8733924491571
1696150176,456.22271401320063
1696150177,758.3145647669144
1696150178,432.0593199230979
1696150179,620.1152239348683
1696150180,658.0058655505812
1696150181,559.2933049163946
1696150182,482.76210461541115
1696150183,418.0066914903669
1696150184,377.9399415546681
1696150185,495.25955270043875
1696150186,651.3545088454449
1696150187,805.7446128265675
1696150188,775.1056892777207
1696150189,696.9007765118713
1696150190,704.7410824857764
1696150191,659.4105577051894
1696150192,472.94737114284675
1696150193,782.2251758614576
1696150194,637.557004061193
1696150195,596.4346761830195
1696150196,385.6981692803091
1696150197,553.6223477178123
1696150198,595.0613906307804
1696150199,741.8545912557488
1696150200,615.357605510087
1696150201,549.3280922774005
1696150202,862.2682511670312
1696150203,383.65313311225015
1696150204,555.9955353640973
1696150205,366.4318734596471
1696150206,712.5164259259398
1696150207,798.4643149593368
1696150208,485.9643975880123
1696150209,729.2737753042239
1696150210,497.58007027312374
1696150211,802.7848617050245
1696150212,718.2390445777949
1696150213,783.6034470408025
1696150214,337.42220317423414
1696150215,824.5584860033941
1696150216,745.7738239317619
1696150217,482.758096734966
1696150218,756.9432409059212
1696150219,483.81495420577534
1696150220,804.9937168049556
1696150221,404.28047956146054
1696150222,683.4160510122836
1696150223,613.3389762231377
1696150224,383.5437981489557
1696150225,468.31135484024185
1696150226,358.81694463312925
1696150227,595.6548726349872
1696150228,471.5497901769605
1696150229,675.7044962089051
1696150230,505.8461301161375
1696150231,527.5469023155304
1696150232,743.076875128812
1696150233,392.479161046053
1696150234,828.87842299241
1696150235,818.7796304680203
1696150236,708.721807226301
1696150237,659.622972310487
1696150238,859.1810647586475
1696150239,463.9597590137805
1696150240,402.9667592185263
1696150241,455.6410464545304
1696150242,749.2228197667102
1696150243,376.11262760888894
1696150244,664.2755902022595
1696150245,870.4857134709848
1696150246,810.7528146156678
1696150247,659.7394012877262
1696150248,401.04988271716974
1696150249,778.0746883664542
1696150250,673.355911264285
1696150251,403.2422748935044
1696150252,399.91227876698866
1696150253,836.8707253897259
1696150254,707.8372438820926
1696150255,780.7581867576708
1696150256,828.647369952349
1696150257,656.5495439086051
1696150258,585.5307687227818
1696150259,628.917568835266
1696150260,551.0212885338316
1696150261,588.9256740985065
1696150262,780.5421997244749
1696150263,666.7389204404519
1696150264,877.2302881523283
1696150265,637.8049453447865
1696150266,696.1119083145575
1696150267,725.9085936366095
1696150268,689.7590622322828
1696150269,723.6721362935463
1696150270,486.9813697247808
1696150271,648.0552009127035
1696150272,414.35393357650696
1696150273,573.0361443591864
1696150274,632.7596750762978
1696150275,724.2732533563334
1696150276,891.9475172681425
1696150277,679.5673661332524
1696150278,765.6593571897604
1696150279,624.8935449303857
1696150280,738.1707857455997
1696150281,369.9340685155634
1696150282,532.4807197901646
1696150283,597.1394188213493
1696150284,628.094078369029
1696150285,348.3981856253681
1696150286,443.1107682013401
1696150287,525.53870974649
1696150288,896.8494516061943
1696150289,548.899295672281
1696150290,672.1869392213255
1696150291,496.4065652194258
1696150292,700.1362000457976
1696150293,502.74284698069187
1696150294,485.6976215791001
1696150295,662.8944002562278
1696150296,388.6360624831982
1696150297,370.8894885859522
1696150298,510.64116488395786
1696150299,434.85473827473874
1696150300,454.6341370987113
1696150301,569.8582912657047
1696150302,831.5038611516004
1696150303,698.0218066136047
1696150304,694.2054314102768
1696150305,535.6517606979936
1696150306,913.5071687829304
1696150307,609.0134035050231
1696150308,421.8060396103522
1696150309,709.3278409289317
1696150310,453.9025486463527
1696150311,579.9653284459205
1696150312,684.6500271542019
1696150313,876.7581215111268
1696150314,692.0912871020208
1696150315,772.9724174232163
1696150316,991.5519486190957
1696150317,427.8917160396406
1696150318,553.4382865995238
1696150319,624.3290588981323
1696150320,616.2770003695399
1696150321,634.3325985198608
1696150322,940.4803155180668
1696150323,760.9706347404571
1696150324,752.8209949853197
1696150325,521.1574620856827
1696150326,852.0893193790374
1696150327,980.4511783833918
1696150328,860.0118143233188
1696150329,368.8541668206448
1696150330,761.0092084459882
1696150331,462.32553129134817
1696150332,507.8486104741527
1696150333,407.07754048243675
1696150334,778.5668380981697
1696150335,835.4127047249266
1696150336,459.61681326166234
1696150337,597.1028892945798
1696150338,706.5040747229573
1696150339,645.6901081225004
1696150340,481.05618428391284
1696150341,629.1155933955424
1696150342,842.6373132653845
1696150343,436.22044150267857
1696150344,451.94306825671725
1696150345,638.6698198626722
1696150346,978.7982025134809
1696150347,777.4281130277183
1696150348,833.3391356463036
1696150349,623.0679105859058
1696150350,770.3660096582314
1696150351,436.1360173590627
1696150352,761.5378861003246
1696150353,950.9435266038715
1696150354,760.7037746903952
1696150355,898.3244156499716
1696150356,847.4009774517841
1696150357,526.9257430057762
1696150358,913.2240431082996
1696150359,443.8620699172013
1696150360,741.7547561271689
1696150361,493.9830531485261
1696150362,410.3893448402331
1696150363,636.655237805335
1696150364,591.062097506963
1696150365,688.1282066820061
1696150366,715.4153852782329
1696150367,458.89765435451267
1696150368,503.1142311009159
1696150369,752.1878051485916
1696150370,624.4027945066277
1696150371,879.5336059929406
1696150372,815.7804587106824
1696150373,949.6341922138594
1696150374,831.6082080169941
1696150375,703.6055038426557
1696150376,834.077985764897
1696150377,586.518550927257
1696150378,576.0887974132004
1696150379,907.9782011193066
1696150380,673.3060315694554
1696150381,896.6154644835383
1696150382,908.8558583845065
1696150383,926.4970483220999
1696150384,1000.0
1696150385,712.2760180315556
1696150386,655.2947954268902
1696150387,755.0974994382167
1696150388,650.8570589482702
1696150389,767.0586487209458
1696150390,845.9028298440392
1696150391,831.3648313426553
1696150392,680.2294690978433
1696150393,516.007246527727
1696150394,713.3292286209808
1696150395,522.8253003954891
1696150396,1000.0
1696150397,608.4737828798603
1696150398,545.7984829704333
1696150399,462.32514290752465
1696150400,811.1685754541453
1696150401,848.2435999675137
1696150402,646.7716989406546
1696150403,464.57165931515027
1696150404,667.448543974423
1696150405,607.6823804167303
1696150406,900.5174326035038
1696150407,812.313430019528
1696150408,675.6806300098043
1696150409,548.9971822085403
1696150410,1000.0
1696150411,741.5195355739849
1696150412,840.6151902930843
1696150413,509.65124999368953
1696150414,741.6853321295436
1696150415,449.25904035367546
1696150416,751.4481184336614
1696150417,1000.0
1696150418,693.4802622506471
1696150419,471.9583005148258
1696150420,430.1359818995695
1696150421,676.9846939558
1696150422,561.838462592508
1696150423,467.21561290968657
1696150424,894.7439359154193
1696150425,739.4313087331545
1696150426,579.421346407444
1696150427,1000.0
1696150428,551.9653452002137
1696150429,1000.0
1696150430,622.8852628937598
1696150431,1000.0
1696150432,797.9842783261284
1696150433,965.4175219470144
1696150434,1000.0
1696150435,613.6507272286193
1696150436,1000.0
1696150437,711.6986848245365
1696150438,702.7156159137636
1696150439,670.2542727787625
1696150440,790.3475712742018
1696150441,550.7667517847085
1696150442,804.8379795251421
1696150443,810.5368822549323
1696150444,936.2576542321119
1696150445,991.7771250141802
1696150446,713.6435582779759
1696150447,643.678918931962
1696150448,598.4788307173367
1696150449,549.2231734818173
1696150450,488.9231272418069
1696150451,678.5633421683983
1696150452,643.6849823274832
1696150453,1000.0
1696150454,829.1280366197611
1696150455,692.0682921586929
1696150456,846.8748664682871
1696150457,522.848141610521
1696150458,750.204805962732
1696150459,878.397216533157
1696150460,778.7211901708112
1696150461,673.6716055183949
1696150462,1000.0
1696150463,1000.0
1696150464,864.5107532581218
1696150465,820.4753230658187
1696150466,880.9245156894967
1696150467,595.9186914123331
1696150468,748.0575671625035
1696150469,451.4915975681475
1696150470,793.7757002009967
1696150471,837.3130890182641
1696150472,606.5447825450076
1696150473,1000.0
1696150474,1000.0
1696150475,969.4940922931349
1696150476,795.2719316893165
1696150477,1000.0
1696150478,545.2923460887059
1696150479,1000.0
1696150480,545.5049419711312
1696150481,1000.0
1696150482,676.1484690279017
1696150483,1000.0
1696150484,1000.0
1696150485,553.9661017683444
1696150486,784.606363751139
1696150487,1000.0
1696150488,810.272907236899
1696150489,1000.0
1696150490,928.430421269253
1696150491,729.7312967026243
1696150492,691.6045972420866
1696150493,601.7272497600248
1696150494,1000.0
1696150495,753.7057093274539
1696150496,850.273135552072
1696150497,834.1066602050149
1696150498,889.9804193821489
1696150499,1000.0
1696150500,1000.0
1696150501,760.9437268698423
1696150502,1000.0
1696150503,1000.0
1696150504,896.9642086014128
1696150505,1000.0
1696150506,589.3403515934345
1696150507,527.4509993815947
1696150508,1000.0
1696150509,788.449620388942
1696150510,1000.0
1696150511,1000.0
1696150512,526.5652734660995
1696150513,1000.0
1696150514,757.4311386635648
1696150515,805.116253609857
1696150516,926.3280305510506
1696150517,1000.0
1696150518,512.6403416887262
1696150519,811.7070076577488
1696150520,1000.0
1696150521,1000.0
1696150522,967.6759139946968
1696150523,570.8877386761175
1696150524,715.9241752790027
1696150525,776.0456936857477
1696150526,1000.0
1696150527,636.4742356212162
1696150528,616.0354939715795
1696150529,1000.0
1696150530,498.62986717136016
1696150531,1000.0
1696150532,940.8675008787792
1696150533,1000.0
1696150534,715.823400641666
1696150535,472.91587766111235
1696150536,968.8020532850358
1696150537,1000.0
1696150538,1000.0
1696150539,585.1371956283621
1696150540,1000.0
1696150541,1000.0
1696150542,956.3830500657507
1696150543,1000.0
1696150544,1000.0
1696150545,947.9028241829715
1696150546,560.0532317395208
1696150547,848.8274610955623
1696150548,520.8994190262183
1696150549,783.1190069870462
1696150550,734.6990995605096
1696150551,542.5078659153714
1696150552,781.5497510606916
1696150553,536.0629909220537
1696150554,1000.0
1696150555,1000.0
1696150556,576.0487972033175
1696150557,1000.0
1696150558,861.9786490167157
1696150559,666.2848791320989
1696150560,553.1283377093314
1696150561,915.5956158697577
1696150562,1000.0
1696150563,1000.0
1696150564,540.7439058062977
1696150565,549.8356135066771
1696150566,776.0898080321473
1696150567,737.2624499219136
1696150568,676.1506770307316
1696150569,707.8711097479352
1696150570,1000.0
1696150571,1000.0
1696150572,818.8018751117031
1696150573,1000.0
1696150574,765.996948468777
1696150575,845.4523543168775
1696150576,650.9838527349515
1696150577,963.7170697105919
1696150578,1000.0
1696150579,968.4848574605235
1696150580,726.2792458310217
1696150581,960.8892754065143
1696150582,544.027021095333
1696150583,1000.0
1696150584,881.134182526144
1696150585,836.7737845708407
1696150586,922.8840277279353
1696150587,949.9390910127682
1696150588,572.359735423003
1696150589,1000.0
1696150590,699.0194616012641
1696150591,1000.0
1696150592,1000.0
1696150593,1000.0
1696150594,945.357648046202
1696150595,896.0628617917882
1696150596,625.4628216233948
1696150597,1000.0
1696150598,718.6275958579608
1696150599,883.418832031141
1696150600,725.345690221138
1696150601,620.0911980343992
1696150602,970.7278775652153
1696150603,528.536813256862
1696150604,1000.0
1696150605,717.2882238869689
1696150606,482.93879826784695
1696150607,913.1934121235743
1696150608,528.2209338028734
1696150609,742.2312644911476
1696150610,1000.0
1696150611,514.0843167312659
1696150612,1000.0
1696150613,541.1740428969622
1696150614,683.6268727991556
1696150615,1000.0
1696150616,742.3834725157906
1696150617,600.8822383725712
1696150618,767.3168212650737
1696150619,684.1688935355482
1696150620,1000.0
1696150621,762.3667940909367
1696150622,1000.0
1696150623,1000.0
1696150624,851.4629745668707
1696150625,1000.0
1696150626,817.8720670990647
1696150627,1000.0
1696150628,576.5315195846719
1696150629,1000.0
1696150630,882.6766044739056
1696150631,843.4738014665764
1696150632,1000.0
1696150633,1000.0
1696150634,524.699231728654
1696150635,645.0925507643917
1696150636,1000.0
1696150637,1000.0
1696150638,1000.0
1696150639,1000.0
1696150640,1000.0
1696150641,1000.0
1696150642,741.5005489777961
1696150643,606.2155318098529
1696150644,1000.0
1696150645,1000.0
1696150646,596.4060912511724
1696150647,783.3753241235113
1696150648,1000.0
1696150649,955.6074855994784
1696150650,909.2379651514617
1696150651,888.5048363876674
1696150652,698.0872972812587
1696150653,792.6083677860183
1696150654,818.4800089101695
1696150655,591.2448480191433
1696150656,1000.0
1696150657,842.4826076371244
1696150658,1000.0
1696150659,1000.0
1696150660,671.7240764113235
1696150661,1000.0
1696150662,901.4008428342025
1696150663,1000.0
1696150664,702.4604863760568
1696150665,1000.0
1696150666,1000.0
1696150667,775.188840303805
1696150668,642.6387326848677
1696150669,1000.0
1696150670,1000.0
1696150671,845.0486110809765
1696150672,1000.0
1696150673,893.4189222331643
1696150674,1000.0
1696150675,711.9321914493495
1696150676,1000.0
1696150677,740.6849316648083
1696150678,827.2778775631671
1696150679,626.812619048907
1696150680,664.542211631137
1696150681,977.798875397409
1696150682,725.8885584473962
1696150683,1000.0
1696150684,569.2074707042683
1696150685,866.4393229806437
1696150686,777.2125855084752
1696150687,541.6258164585503
1696150688,651.5657526086742
1696150689,907.7439349953045
1696150690,898.6667216557267
1696150691,882.19195000016
1696150692,996.2707203618054
1696150693,1000.0
1696150694,580.6846841640302
1696150695,955.3282043260095
1696150696,1000.0
1696150697,933.5013893552897
1696150698,1000.0
1696150699,843.1901697897608
1696150700,1000.0
1696150701,1000.0
1696150702,1000.0
1696150703,1000.0
1696150704,647.2574188450488
1696150705,568.7355890958034
1696150706,1000.0
1696150707,1000.0
1696150708,705.5706795971385
1696150709,774.0112886746144
1696150710,612.2936104830551
1696150711,768.146269125593
1696150712,1000.0
1696150713,977.4768118015587
1696150714,815.9371159521189
1696150715,882.497585070084
1696150716,592.6335250001322
1696150717,793.1213061815901
1696150718,1000.0
1696150719,1000.0
1696150720,1000.0
1696150721,600.800048148439
1696150722,1000.0
1696150723,1000.0
1696150724,1000.0
1696150725,963.0090106209517
1696150726,896.502903815178
1696150727,780.2667875811425
1696150728,616.9567949326399
1696150729,754.0355207362112
1696150730,807.2211460617044
1696150731,996.6191526926585
1696150732,1000.0
1696150733,981.106771928435
1696150734,639.8044668493251
1696150735,1000.0
1696150736,1000.0
1696150737,1000.0
1696150738,1000.0
1696150739,1000.0
1696150740,1000.0
1696150741,601.0478290551729
1696150742,879.7997708628728
1696150743,747.2883995371501
1696150744,755.5002756151855
1696150745,733.0501696691216
1696150746,1000.0
1696150747,1000.0
1696150748,1000.0
1696150749,731.5034036269924
1696150750,1000.0
1696150751,1000.0
1696150752,908.1539202077621
1696150753,1000.0
1696150754,821.0293740050829
1696150755,856.74697348678
1696150756,1000.0
1696150757,851.2056010568741
1696150758,974.9964886074697
1696150759,1000.0
1696150760,1000.0
1696150761,630.5150738121422
1696150762,745.0581929647079
1696150763,596.2944128906182
1696150764,1000.0
1696150765,1000.0
1696150766,704.6501023575785
1696150767,1000.0
1696150768,1000.0
1696150769,810.163675279566
1696150770,1000.0
1696150771,1000.0
1696150772,714.4758588439532
1696150773,868.8709935838749
1696150774,1000.0
1696150775,963.1774717289426
1696150776,1000.0
1696150777,975.9492170455845
1696150778,640.0548552831004
1696150779,743.7256517369557
1696150780,1000.0
1696150781,820.5846070032978
1696150782,653.6783474402594
1696150783,1000.0
1696150784,1000.0
1696150785,1000.0
1696150786,1000.0
1696150787,777.0972917605608
1696150788,1000.0
1696150789,709.4696896131026
1696150790,1000.0
1696150791,1000.0
1696150792,1000.0
1696150793,1000.0
1696150794,1000.0
1696150795,817.0189927704798
1696150796,931.9537292262543
1696150797,1000.0
1696150798,603.373142160438
1696150799,1000.0


1696146300,0.029221881801438036
1696146310,0.04679702195463358
1696146320,0.06643378155804534
1696146330,0.05360647891435795
1696146340,0.04136506395035067
1696146350,0.04968796511060916
1696146360,0.050180168720444465
1696146370,0.05472630345843406
1696146380,0.03633141636719174
1696146390,0.055925672738473306
1696146400,0.02295608368397225
1696146410,0.0437011544763619
1696146420,0.045117261575484555
1696146430,0.05633326826071239
1696146440,0.050226308526768695
1696146450,0.035944369461437135
1696146460,0.04015006874182985
1696146470,0.05198680009547407
1696146480,0.04920932658135444
1696146490,0.04420875890364254
1696146500,0.04519166210488021
1696146510,0.05696167997159289
1696146520,0.044823074271307856
1696146530,0.04911908755970927
1696146540,0.07169936588080543
1696146550,0.03576317363116077
1696146560,0.03148157268425342
1696146570,0.05783589664798607
1696146580,0.04321356938705897
1696146590,0.0468176247225738
1696146600,0.04218843621868886
1696146610,0.04740199859232488
1696146620,0.06598538112096342
1696146630,0.05802128458618119
1696146640,0.05862223511886977
1696146650,0.03583772944207354
1696146660,0.03848846263447131
1696146670,0.02160921340514573
1696146680,0.04190619178917246
1696146690,0.05956703186385659
1696146700,0.055169465157483714
1696146710,0.04778486737047877
1696146720,0.04977699716281947
1696146730,0.043111144574245946
1696146740,0.052047588824017846
1696146750,0.05765878279480615
1696146760,0.033841132125895276
1696146770,0.052996476878373486
1696146780,0.05932434870954668
1696146790,0.04584899711036631
1696146800,0.057007006121205836
1696146810,0.07814654444472553
1696146820,0.048956572070131085
1696146830,0.05393307050005324
1696146840,0.04261942916338609
1696146850,0.051812511626020505
1696146860,0.05460271624982304
1696146870,0.05194842340270139
1696146880,0.03980304680291143
1696146890,0.05206361771325451
1696146900,0.06462195938717637
1696146910,0.05448635764514528
1696146920,0.059619871890718414
1696146930,0.04762988029987372
1696146940,0.05749900239423711
1696146950,0.05279267838216526
1696146960,0.04049089270312768
1696146970,0.05318521004798875
1696146980,0.0400830333655969
1696146990,0.04367119725115208
1696147000,0.05189328307292374
1696147010,0.052972442733801244
1696147020,0.03810767534922871
1696147030,0.060539857711828765
1696147040,0.05572006278300473
1696147050,0.042952715643891165
1696147060,0.03462415203550825
1696147070,0.04855095420918569
1696147080,0.0455405628613884
1696147090,0.05113140457053023
1696147100,0.04636883338844434
1696147110,0.029925431392549905
1696147120,0.04611653061698842
1696147130,0.046943808889316874
1696147140,0.05633661024774059
1696147150,0.043018003253889506
1696147160,0.06678674673372567
1696147170,0.030883594493482432
1696147180,0.06311167497802625
1696147190,0.047756810291218955
1696147200,0.05859584872343557
1696147210,0.05079801484058733
1696147220,0.06139555536025469
1696147230,0.04612638035447189
1696147240,0.03901379574822188
1696147250,0.06420504287271063
1696147260,0.04886519354117859
1696147270,0.05221558473624211
1696147280,0.062347519140447956
1696147290,0.03968044757905565
1696147300,0.055954908976392576
1696147310,0.044101052435371095
1696147320,0.048678306443556286
1696147330,0.050722789653842894
1696147340,0.03499778138553064
1696147350,0.04221162957179565
1696147360,0.0635107289241314
1696147370,0.05886191188584796
1696147380,0.04937360422672765
1696147390,0.05243123458512893
1696147400,0.047057574943635425
1696147410,0.06356583385827982
1696147420,0.04799647422205836
1696147430,0.05231842092134848
1696147440,0.06146030144142065
1696147450,0.042226285151540935
1696147460,0.06558789184496894
1696147470,0.03469538590256623
1696147480,0.06629642131112799
1696147490,0.04627324416048026
1696147500,0.047573012521747185
1696147510,0.031099898288170575
1696147520,0.045452052826223076
1696147530,0.03960193468973116
1696147540,0.043923536546265275
1696147550,0.048626890342111206
1696147560,0.05957791614472906
1696147570,0.05207603351400626
1696147580,0.05307676653401114
1696147590,0.03904480611154438
1696147600,0.0411924591039727
1696147610,0.06798725018351312
1696147620,0.04264798965236754
1696147630,0.06656208252057295
1696147640,0.04756938801119134
1696147650,0.05002287936143504
1696147660,0.060703651602299305
1696147670,0.06271892421938657
1696147680,0.04889187439720913
1696147690,0.04611756946478461
1696147700,0.04944079551477787
1696147710,0.053379575282321186
1696147720,0.05891303686869756
1696147730,0.05004229858994152
1696147740,0.05618886298023154
1696147750,0.0663835973227094
1696147760,0.05381309612264785
1696147770,0.05311652856004779
1696147780,0.03481089174909932
1696147790,0.023692698631709367
1696147800,0.05388375729230169
1696147810,0.04905175768719128
1696147820,0.044852173250852584
1696147830,0.052435302041863446
1696147840,0.04939596270803092
1696147850,0.06127780250633899
1696147860,0.05086110868258978
1696147870,0.04253076714929833
1696147880,0.059901662389592894
1696147890,0.04782868925053798
1696147900,0.055265366836723076
1696147910,0.045225892938072
1696147920,0.04350173114502564
1696147930,0.05084168230185696
1696147940,0.050128286435436854
1696147950,0.054798270353668334
1696147960,0.04731354246690258
1696147970,0.03163640216229603
1696147980,0.045672261164116115
1696147990,0.05793818467143816
1696148000,0.04702623920756894
1696148010,0.04753616597485452
1696148020,0.059863765059059375
1696148030,0.04288026772741078
1696148040,0.034571967817571006
1696148050,0.04839368880474506
1696148060,0.04515826048751263
1696148070,0.04033753680246746
1696148080,0.048246215441013096
1696148090,0.05491505647246784
1696148100,45.2488403171098
1696148110,44.2471852535853
1696148120,27.91728125496618
1696148130,41.14427013807854
1696148140,45.91090338008141
1696148150,39.478742896865704
1696148160,41.201720783503355
1696148170,36.50323790912347
1696148180,38.2628954113861
1696148190,25.9130162167686
1696148200,41.04756630719912
1696148210,27.07901988791622
1696148220,35.921198605449426
1696148230,32.36574621155408
1696148240,38.68965674377992
1696148250,28.388043896199722
1696148260,42.353926007272435
1696148270,44.9010245025064
1696148280,29.109991944876956
1696148290,27.65286840207695
1696148300,28.698860071559412
1696148310,46.96253256714649
1696148320,38.22465522051197
1696148330,36.73723669424976
1696148340,27.720232049795882
1696148350,41.277998084856044
1696148360,46.74013440137004
1696148370,45.744949295889974
1696148380,40.702473077694776
1696148390,26.925704763530007
1696148400,27.86486631859008
1696148410,26.25417841111657
1696148420,31.478411893660457
1696148430,28.430276139400334
1696148440,31.548637599527122
1696148450,34.671070915389144
1696148460,48.63254803957735
1696148470,40.2908081268257
1696148480,45.92479955683737
1696148490,42.81437088204043
1696148500,27.881144737531415
1696148510,43.44319249963779
1696148520,31.93071662502164
1696148530,41.00965754694204
1696148540,33.550129779031586
1696148550,50.00025432537429
1696148560,31.638731384482966
1696148570,32.04004689625473
1696148580,48.30307236017026
1696148590,25.671309137303354
1696148600,42.485912875235364
1696148610,43.18735682448053
1696148620,45.9622302503159
1696148630,49.41106832677012
1696148640,49.42433916434505
1696148650,26.6954746685187
1696148660,45.58987449242451
1696148670,41.21279317399836
1696148680,41.217923016261565
1696148690,28.246953568722294
1696148700,41.31903003513356
1696148710,49.60859149214162
1696148720,47.859996993246604
1696148730,36.02748421353068
1696148740,26.030280354422782
1696148750,34.11625792600243
1696148760,45.70385886683632
1696148770,42.594464424764325
1696148780,36.53384349852431
1696148790,26.41210719669135
1696148800,35.72401114323627
1696148810,36.79758572436862
1696148820,48.268818186938546
1696148830,41.07657741202393
1696148840,32.852076350385786
1696148850,38.18506329592006
1696148860,26.703478037856634
1696148870,49.35328963952183
1696148880,34.05383602852604
1696148890,37.00703830699256
1696148900,33.923738734402065
1696148910,42.12703821111748
1696148920,41.60488689799837
1696148930,42.92418006811301
1696148940,31.763557061067225
1696148950,32.93884408674427
1696148960,28.18887592628006
1696148970,41.43483170983023
1696148980,26.044329921956013
1696148990,39.99699399012982
1696149000,46.79530609186675
1696149010,47.30084838943632
1696149020,36.2647315718481
1696149030,36.541886305174756
1696149040,26.972908209311417
1696149050,41.813888323048175
1696149060,45.56789976916856
1696149070,31.155579001905068
1696149080,35.5623040544345
1696149090,46.01997061194475
1696149100,46.97202731575139
1696149110,31.119833627695794
1696149120,38.813584629282424
1696149130,29.865968472204205
1696149140,27.617901082811017
1696149150,47.812893700603304
1696149160,45.57428141623573
1696149170,44.06060356068951
1696149180,26.261367042934744
1696149190,46.1452521773023
1696149200,35.99652556514122
1696149210,33.61173496820067
1696149220,38.72700033576845
1696149230,27.339887130415207
1696149240,43.97124981754231
1696149250,39.60657382900785
1696149260,29.699911855179945
1696149270,29.753720312120734
1696149280,29.668282370865494
1696149290,26.459788010232447
1696149300,39.73441034061035
1696149310,46.05996711707504
1696149320,25.47760880183624
1696149330,26.26719088981069
1696149340,39.36502093135636
1696149350,45.52373596060941
1696149360,33.20873104575368
1696149370,33.79739424936093
1696149380,39.945588739597085
1696149390,31.889343506758728
1696149400,25.708908902146764
1696149410,43.438032507565
1696149420,40.689278605456366
1696149430,39.564254165610315
1696149440,43.592546812770735
1696149450,41.91331386472234
1696149460,30.201996760995776
1696149470,33.86586052389781
1696149480,28.198660457224666
1696149490,28.306484580564987
1696149500,41.94361869792395
1696149510,46.52628176449499
1696149520,49.119859533184425
1696149530,40.75531241283733
1696149540,29.65233434767024
1696149550,27.690185988565155
1696149560,45.38347711738312
1696149570,39.50814511772528
1696149580,40.49950033295153
1696149590,44.59691524778846
1696149600,42.625975343959446
1696149610,45.92046165217573
1696149620,26.47234199632705
1696149630,43.733997968393204
1696149640,46.32813255631814
1696149650,32.19183913864446
1696149660,41.068729182812
1696149670,32.90604583578417
1696149680,49.004007044882954
1696149690,25.879133590167243
1696149700,39.5282102616682
1696149710,29.21762119688537
1696149720,42.83487109790417
1696149730,29.44408358054413
1696149740,30.943993366123138
1696149750,37.411189253502684
1696149760,47.940357176369844
1696149770,30.353110395225087
1696149780,28.649461544069336
1696149790,44.024693930149276
1696149800,37.56501460132283
1696149810,47.82880604191082
1696149820,28.705959939831214
1696149830,41.192589716506184
1696149840,30.85161644876682
1696149850,28.9694856509735
1696149860,42.13324466048523
1696149870,39.875386558705216
1696149880,43.92472858771106
1696149890,32.793723138601464
1696149900,36.25156175434339
"