"#metric=Network_Bandwidth_Usage,type=gauge,service=database_sync_service,network_interface=eth0
1696147200,0.9973034271802637
1696147201,0.5943254605548134
1696147202,0.5120852569329206
1696147203,0.0
1696147204,2.3404681611814473
1696147205,2.3464202580608764
1696147206,5.6134872724506755
1696147207,0.8432063767490187
1696147208,2.11343056063109
1696147209,2.382624407872671
1696147210,5.266625377840539
1696147211,2.10389419032538
1696147212,3.0655643838070654
1696147213,3.935339994884559
1696147214,3.2932276579112445
1696147215,2.2240553737961055
1696147216,3.7206231619650354
1696147217,5.698355877874963
1696147218,1.6717394830242296
1696147219,4.212575637399871
1696147220,2.7379780896835615
1696147221,6.760094448132436
1696147222,1.485928819554886
1696147223,3.631156592604003
1696147224,5.719071114218203
1696147225,8.314451751862888
1696147226,5.227863871479811
1696147227,4.44126939745601
1696147228,9.549248139628196
1696147229,3.039297759864829
1696147230,1.7238251083001126
1696147231,7.237387286933436
1696147232,5.534847467728703
1696147233,4.683536360569059
1696147234,8.36245404061064
1696147235,7.619392121030837
1696147236,6.183610684445808
1696147237,4.931535244740099
1696147238,9.459289098737345
1696147239,9.200514641771957
1696147240,7.878579997780808
1696147241,11.98620855628989
1696147242,6.295048347835854
1696147243,5.5620913204500235
1696147244,7.425357579377939
1696147245,8.910067675127111
1696147246,9.673453808318076
1696147247,8.877068480793724
1696147248,10.251274753674231
1696147249,7.197632494176197
1696147250,12.804706016770357
1696147251,9.904982695851649
1696147252,12.495355019714912
1696147253,11.106851971357314
1696147254,11.507436943058686
1696147255,11.904576184521945
1696147256,11.826633525071518
1696147257,12.386124659159394
1696147258,13.93431670586299
1696147259,11.815726337384536
1696147260,13.010421107950744
1696147261,11.561553303621405
1696147262,14.80309278266172
1696147263,10.695870156104377
1696147264,15.84334523369944
1696147265,12.28784165665627
1696147266,9.63838962890378
1696147267,12.930323771562934
1696147268,11.449139742739534
1696147269,14.662771577974858
1696147270,11.799729470440138
1696147271,12.359751530845731
1696147272,9.59378039594311
1696147273,12.630239801088932
1696147274,8.796377751024888
1696147275,10.62579365980704
1696147276,15.484528544955257
1696147277,15.66891622905962
1696147278,15.074220115198287
1696147279,12.398043043494226
1696147280,14.377888115672302
1696147281,14.592432339534877
1696147282,12.389394232779818
1696147283,17.87445690085915
1696147284,16.732849516734092
1696147285,14.637624237350732
1696147286,15.252858962751045
1696147287,15.732382512187886
1696147288,11.310330312062973
1696147289,15.035993579693882
1696147290,14.2675730312759
1696147291,13.729142039552858
1696147292,15.284470433631254
1696147293,19.574518887869118
1696147294,17.34286677719517
1696147295,14.997907082712967
1696147296,17.397559382758054
1696147297,19.156346495543502
1696147298,18.290541478335822
1696147299,16.63616739718824
1696147300,15.298843322670184
1696147301,18.09341714474858
1696147302,17.56134168970633
1696147303,18.651980304989074
1696147304,18.20555096659146
1696147305,19.115755871401365
1696147306,15.995511666604296
1696147307,19.799178721829282
1696147308,17.61133180741773
1696147309,21.46088372532808
1696147310,15.954593844630574
1696147311,20.902715428745907
1696147312,17.862928988027836
1696147313,16.20856314520082
1696147314,16.600784673307235
1696147315,16.982630188260778
1696147316,18.532766277019
1696147317,18.779226324710187
1696147318,16.615076407836966
1696147319,17.764915344889506
1696147320,22.171107541504295
1696147321,21.373675735575244
1696147322,18.80779739628147
1696147323,18.038677706249683
1696147324,18.235048046377955
1696147325,19.25809691856352
1696147326,15.98735370992691
1696147327,17.553542858120604
1696147328,14.731581133123228
1696147329,18.917211878240092
1696147330,19.433593544613085
1696147331,17.170275933151505
1696147332,21.32727285143808
1696147333,15.695472071307778
1696147334,15.2218023797266
1696147335,18.629383533264495
1696147336,20.28925868414171
1696147337,21.572315308453973
1696147338,17.252164947497096
1696147339,20.345328118059875
1696147340,18.08692442388354
1696147341,17.806937196220616
1696147342,19.923135571436006
1696147343,19.442449889139315
1696147344,14.934774215615834
1696147345,21.066877484255386
1696147346,20.85078281114527
1696147347,16.785368578727933
1696147348,18.816813522141192
1696147349,18.985803928753395
1696147350,18.484291822876767
1696147351,16.816527788458266
1696147352,16.536010167203894
1696147353,17.79935823598279
1696147354,20.173015933164017
1696147355,18.862196346614624
1696147356,16.974593227125737
1696147357,19.228411996864804
1696147358,11.883649016011994
1696147359,19.88542163244285
1696147360,14.010447778978792
1696147361,16.7283684259206
1696147362,15.14309215097973
1696147363,14.728640636318527
1696147364,19.612219372543805
1696147365,16.264439629076175
1696147366,17.836329203424942
1696147367,16.972652093907268
1696147368,17.955186622225654
1696147369,17.07330542016058
1696147370,14.255659877388013
1696147371,18.768280229015332
1696147372,15.683818603551835
1696147373,13.457923354043848
1696147374,15.645141161306077
1696147375,19.442942318279474
1696147376,18.041216948744875
1696147377,15.532466534215743
1696147378,15.435998030105205
1696147379,15.39426879550779
1696147380,20.127342866112464
1696147381,16.610779329326714
1696147382,16.60398533247199
1696147383,17.707623489445375
1696147384,16.004931761547613
1696147385,14.891894852290179
1696147386,14.90623424122764
1696147387,15.043585308151922
1696147388,14.996834890278313
1696147389,16.419942674299794
1696147390,14.938482886863174
1696147391,16.18807121203127
1696147392,14.425293931184145
1696147393,14.620528221252926
1696147394,10.308072250198709
1696147395,16.05099357413434
1696147396,14.771256774677646
1696147397,15.950618319192985
1696147398,7.968664926485913
1696147399,17.875283819120988
1696147400,13.247179263689075
1696147401,15.620667277621761
1696147402,11.14994004361466
1696147403,14.335761000612234
1696147404,10.832538387201224
1696147405,11.550573443738644
1696147406,16.514704992067784
1696147407,12.122792884512116
1696147408,12.792411727604724
1696147409,13.95308460547458
1696147410,13.042760355065502
1696147411,12.189520761817898
1696147412,12.462677132201055
1696147413,16.409345399514017
1696147414,11.288300999326003
1696147415,11.645870552768708
1696147416,13.192449979156109
1696147417,13.136325128395015
1696147418,13.132418133409946
1696147419,11.858072493157232
1696147420,8.097033981289753
1696147421,13.519038867207826
1696147422,7.744277019958753
1696147423,10.488856883133177
1696147424,8.182916590258445
1696147425,9.395881154697646
1696147426,10.008670622643628
1696147427,9.81363090144282
1696147428,9.834926550605154
1696147429,12.053783506116453
1696147430,9.53241131957847
1696147431,7.941776538235307
1696147432,10.190359656035035
1696147433,10.45744936053032
1696147434,5.399081235535248
1696147435,8.887199776643692
1696147436,8.906122253668046
1696147437,6.702567422872628
1696147438,9.88196573116362
1696147439,6.614577364167666
1696147440,6.975965940697824
1696147441,6.17932583647165
1696147442,6.363696998112179
1696147443,3.9267953626222547
1696147444,3.0367089306418036
1696147445,8.952956021353009
1696147446,3.8346107819857997
1696147447,3.3439093637716106
1696147448,0.8021687479401445
1696147449,3.652572786480619
1696147450,2.072372897833472
1696147451,7.844514104605123
1696147452,6.367720771377382
1696147453,2.7428967530002177
1696147454,8.46391164809615
1696147455,5.6989963416637055
1696147456,2.861198283919264
1696147457,0.0
1696147458,7.720264211038356
1696147459,0.09785834615195776
1696147460,0.0
1696147461,4.544234881238354
1696147462,7.192289787467143
1696147463,4.857789559825028
1696147464,2.996758557400804
1696147465,2.850612049218673
1696147466,3.163281124207171
1696147467,2.764188079337906
1696147468,1.5927069627878512
1696147469,1.0270753543176556
1696147470,0.4818799241731996
1696147471,0.0
1696147472,0.0
1696147473,0.0
1696147474,0.0
1696147475,0.0
1696147476,0.0
1696147477,0.0
1696147478,1.7392978219910882
1696147479,0.5760089120796965
1696147480,0.0
1696147481,0.0
1696147482,0.0
1696147483,0.0
1696147484,0.0
1696147485,0.0
1696147486,0.0
1696147487,0.0
1696147488,0.0
1696147489,0.0
1696147490,0.0
1696147491,0.0
1696147492,0.0
1696147493,0.0
1696147494,0.0
1696147495,0.0
1696147496,0.0
1696147497,0.0
1696147498,0.0
1696147499,0.0
1696147500,0.0
1696147501,0.0
1696147502,0.0
1696147503,0.0
1696147504,0.0
1696147505,0.0
1696147506,0.0
1696147507,0.0
1696147508,0.0
1696147509,0.0
1696147510,0.0
1696147511,0.0
1696147512,0.0
1696147513,0.0
1696147514,0.0
1696147515,0.0
1696147516,0.0
1696147517,0.0
1696147518,0.0
1696147519,0.0
1696147520,0.0
1696147521,0.0
1696147522,0.0
1696147523,0.0
1696147524,0.0
1696147525,0.0
1696147526,0.0
1696147527,0.0
1696147528,0.0
1696147529,0.0
1696147530,0.0
1696147531,0.0
1696147532,0.0
1696147533,0.0
1696147534,0.0
1696147535,0.0
1696147536,0.0
1696147537,0.0
1696147538,0.0
1696147539,0.0
1696147540,0.0
1696147541,0.0
1696147542,0.0
1696147543,0.0
1696147544,0.0
1696147545,0.0
1696147546,0.0
1696147547,0.0
1696147548,0.0
1696147549,0.0
1696147550,0.0
1696147551,0.0
1696147552,0.0
1696147553,0.0
1696147554,0.0
1696147555,0.0
1696147556,0.0
1696147557,0.0
1696147558,0.0
1696147559,0.0
1696147560,0.0
1696147561,0.0
1696147562,0.0
1696147563,0.0
1696147564,0.0
1696147565,0.0
1696147566,0.0
1696147567,0.0
1696147568,0.0
1696147569,0.0
1696147570,0.0
1696147571,0.0
1696147572,0.0
1696147573,0.0
1696147574,0.0
1696147575,0.0
1696147576,0.0
1696147577,0.0
1696147578,0.0
1696147579,0.0
1696147580,0.0
1696147581,0.0
1696147582,0.0
1696147583,0.0
1696147584,0.0
1696147585,0.0
1696147586,0.0
1696147587,0.0
1696147588,0.0
1696147589,0.0
1696147590,0.0
1696147591,0.0
1696147592,0.0
1696147593,0.0
1696147594,0.0
1696147595,0.0
1696147596,0.0
1696147597,0.0
1696147598,0.0
1696147599,0.0
1696147600,0.0
1696147601,0.0
1696147602,0.0
1696147603,0.0
1696147604,0.0
1696147605,0.0
1696147606,0.0
1696147607,0.0
1696147608,0.0
1696147609,0.0
1696147610,0.0
1696147611,0.0
1696147612,0.0
1696147613,0.0
1696147614,0.0
1696147615,0.0
1696147616,0.0
1696147617,0.0
1696147618,0.0
1696147619,0.0
1696147620,0.0
1696147621,0.0
1696147622,0.0
1696147623,0.0
1696147624,0.0
1696147625,0.0
1696147626,0.0
1696147627,0.0
1696147628,0.0
1696147629,0.0
1696147630,0.0
1696147631,0.0
1696147632,0.0
1696147633,0.0
1696147634,0.0
1696147635,0.0
1696147636,0.0
1696147637,0.0
1696147638,0.0
1696147639,0.0
1696147640,0.0
1696147641,0.0
1696147642,0.0
1696147643,0.0
1696147644,0.0
1696147645,0.0
1696147646,0.0
1696147647,0.0
1696147648,0.0
1696147649,0.0
1696147650,0.0
1696147651,0.0
1696147652,0.0
1696147653,0.0
1696147654,0.0
1696147655,0.0
1696147656,0.0
1696147657,0.0
1696147658,0.0
1696147659,0.0
1696147660,0.0
1696147661,0.0
1696147662,0.0
1696147663,0.0
1696147664,0.0
1696147665,0.0
1696147666,0.0
1696147667,0.0
1696147668,0.0
1696147669,0.0
1696147670,0.0
1696147671,0.0
1696147672,0.0
1696147673,0.0
1696147674,0.0
1696147675,0.0
1696147676,0.0
1696147677,0.0
1696147678,0.0
1696147679,0.0
1696147680,0.0
1696147681,0.0
1696147682,0.0
1696147683,0.0
1696147684,0.0
1696147685,0.0
1696147686,0.0
1696147687,0.0
1696147688,0.0
1696147689,0.0
1696147690,0.0
1696147691,0.0
1696147692,0.0
1696147693,0.0
1696147694,0.0
1696147695,0.0
1696147696,0.0
1696147697,0.0
1696147698,0.0
1696147699,0.0
1696147700,0.0
1696147701,0.0
1696147702,0.0
1696147703,0.0
1696147704,0.0
1696147705,0.0
1696147706,0.0
1696147707,0.0
1696147708,0.0
1696147709,0.0
1696147710,0.0
1696147711,0.0
1696147712,0.0
1696147713,0.0
1696147714,0.0
1696147715,0.0
1696147716,0.0
1696147717,0.0
1696147718,0.0
1696147719,0.0
1696147720,0.0
1696147721,0.0
1696147722,0.0
1696147723,0.0
1696147724,0.0
1696147725,0.0
1696147726,0.0
1696147727,0.0
1696147728,0.0
1696147729,0.0
1696147730,0.0
1696147731,0.0
1696147732,0.0
1696147733,0.0
1696147734,0.7744116477685048
1696147735,0.0
1696147736,0.0
1696147737,0.0
1696147738,0.7318919687409207
1696147739,0.0
1696147740,0.0
1696147741,0.0
1696147742,0.0
1696147743,0.0
1696147744,0.8023954347122132
1696147745,2.325223040916613
1696147746,0.08229870711710054
1696147747,0.8709865084162972
1696147748,3.887798290299987
1696147749,1.1522235672918881
1696147750,6.118433046543912
1696147751,2.2246468121583796
1696147752,0.0
1696147753,3.020600846323513
1696147754,2.4791331391175535
1696147755,4.518122903215888
1696147756,3.483747713588251
1696147757,2.0560453520578172
1696147758,0.07552834875062286
1696147759,2.3282900652751857
1696147760,1.2423984147014508
1696147761,1.9927170216177665
1696147762,4.554254805179403
1696147763,6.938483752405977
1696147764,4.5739246609862105
1696147765,1.5735121212910803
1696147766,5.082909492496689
1696147767,6.801568666242447
1696147768,3.3645480714945784
1696147769,4.525364484201653
1696147770,5.026539875790226
1696147771,3.6163061697000236
1696147772,6.704261569106608
1696147773,5.353793000887299
1696147774,6.641562141696733
1696147775,4.2059594044639805
1696147776,5.309921826347823
1696147777,7.8432766326786805
1696147778,5.831996336548922
1696147779,10.257585671785435
1696147780,6.166359532964908
1696147781,7.61713772991706
1696147782,9.23538529848295
1696147783,4.689247154349095
1696147784,4.189133947162764
1696147785,4.851813267163681
1696147786,10.657749677020517
1696147787,7.188502333569056
1696147788,13.640704110070983
1696147789,7.533687342253741
1696147790,9.225832014861153
1696147791,12.143414997670979
1696147792,13.259303142458801
1696147793,13.550723151616872
1696147794,12.010232255593012
1696147795,11.816129081150276
1696147796,11.122577245951252
1696147797,11.671669811377996
1696147798,9.166028759873656
1696147799,8.799962573719004
1696147800,10.612344716166175
1696147801,10.445389294509985
1696147802,10.042801725096929
1696147803,12.525477580876615
1696147804,13.211981091277035
1696147805,11.628542119588335
1696147806,14.589323551713393
1696147807,9.472014930451625
1696147808,11.540922497096673
1696147809,10.643891012937445
1696147810,8.482796930097013
1696147811,12.231035048646692
1696147812,12.30455856711596
1696147813,15.7499530872887
1696147814,14.120388922010093
1696147815,10.93286554363009
1696147816,16.87788233556759
1696147817,15.74603759528948
1696147818,14.600590257937334
1696147819,13.111538170537596
1696147820,11.773070964371374
1696147821,13.092880268059185
1696147822,16.171350498053204
1696147823,17.907799205375813
1696147824,17.351032793677046
1696147825,13.385626661618268
1696147826,12.24189550665633
1696147827,14.907033559420414
1696147828,11.183232336886494
1696147829,15.519098143475258
1696147830,14.689968640714678
1696147831,14.165801050109565
1696147832,12.007065318750524
1696147833,16.36859778498297
1696147834,14.371774554071502
1696147835,13.19718436581321
1696147836,9.874365984678208
1696147837,15.711570487027927
1696147838,19.44111671254306
1696147839,19.31850403941326
1696147840,15.149067840226637
1696147841,14.953452683269525
1696147842,17.20606244556464
1696147843,14.34231687070457
1696147844,17.052409664373172
1696147845,18.07606100353336
1696147846,19.09059934553968
1696147847,16.500351261420665
1696147848,16.373299676387912
1696147849,15.093920649216644
1696147850,15.273963490892816
1696147851,16.558563995285517
1696147852,17.8276976868624
1696147853,18.998605143411353
1696147854,15.607474814739842
1696147855,20.299254496517626
1696147856,16.80875016719678
1696147857,17.37315655025835
1696147858,15.969482565124641
1696147859,12.646918074570728
1696147860,19.367116833862305
1696147861,19.122401556010594
1696147862,17.120400739874796
1696147863,17.869444692832705
1696147864,18.81890195111478
1696147865,14.673387606739709
1696147866,16.795946938519137
1696147867,19.500116283648556
1696147868,15.407810226312009
1696147869,18.559644325280328
1696147870,15.265359734628383
1696147871,18.966866200067017
1696147872,17.981091078854746
1696147873,14.821994159950545
1696147874,20.44433393501882
1696147875,16.635985226428154
1696147876,16.49981334014606
1696147877,18.550430724562357
1696147878,20.47219921112428
1696147879,16.12001980433009
1696147880,18.297774869942952
1696147881,19.041781979965776
1696147882,19.576149078245304
1696147883,18.534536865607485
1696147884,17.436504600562223
1696147885,16.503115993202286
1696147886,18.33643820759997
1696147887,15.992373005375699
1696147888,12.253725783960332
1696147889,19.00468902428666
1696147890,19.929008402288968
1696147891,13.32667094013048
1696147892,16.031077450489487
1696147893,19.288573898481815
1696147894,22.159746242348582
1696147895,18.026544100220654
1696147896,16.486004389528894
1696147897,17.55021697462641
1696147898,20.652512399138196
1696147899,16.541762954156198
1696147900,16.191768186226536
1696147901,16.78578180964318
1696147902,15.791620288685834
1696147903,17.91137854553336
1696147904,20.887177089438406
1696147905,18.211553707348337
1696147906,16.996781717545808
1696147907,16.859645048967813
1696147908,14.237953410921811
1696147909,19.104843162592136
1696147910,17.10405305556505
1696147911,16.830403288777347
1696147912,23.558854547191544
1696147913,17.65553754163853
1696147914,15.465120236003347
1696147915,16.044958502437208
1696147916,19.139956332704273
1696147917,16.973785995541277
1696147918,13.764938144704537
1696147919,18.430376349031327
1696147920,15.144939179940542
1696147921,20.176612200541236
1696147922,18.48692336059138
1696147923,15.315868155668399
1696147924,18.70270586928968
1696147925,16.160476333454486
1696147926,17.642123664222467
1696147927,16.798522798854055
1696147928,14.012344473631385
1696147929,14.314785344447586
1696147930,17.5785307402605
1696147931,14.718350469424903
1696147932,14.467210744509226
1696147933,13.241636257277602
1696147934,15.903271905721418
1696147935,19.08720790539965
1696147936,12.659970881244881
1696147937,14.737446277884553
1696147938,17.409897257575064
1696147939,14.277680028996826
1696147940,15.22152729869847
1696147941,12.039351637914725
1696147942,14.911116832947528
1696147943,13.537260084431374
1696147944,15.764920182807117
1696147945,16.03381236546255
1696147946,18.71987027143347
1696147947,14.52896138508128
1696147948,13.8746972460896
1696147949,13.465359629737806
1696147950,12.215797152880594
1696147951,13.46143108704638
1696147952,12.034503270089782
1696147953,12.817792463129758
1696147954,14.980211306086492
1696147955,10.142568509020714
1696147956,14.311205273461395
1696147957,14.510469996909494
1696147958,11.459241081996153
1696147959,7.260764200786739
1696147960,10.148937432538505
1696147961,13.823007247920508
1696147962,10.99807122607708
1696147963,8.863657815860225
1696147964,9.691695459938025
1696147965,12.232757394192848
1696147966,11.46937649727073
1696147967,9.713718334173482
1696147968,9.282080008805556
1696147969,9.056568594797909
1696147970,7.810762697536847
1696147971,12.746379825522418
1696147972,8.662931692377622
1696147973,11.584533049601344
1696147974,12.015831241102878
1696147975,10.779263916750669
1696147976,7.714137245642793
1696147977,9.212269345205971
1696147978,8.163868650400063
1696147979,6.204473966958042
1696147980,8.49062808804411
1696147981,5.2720276038059275
1696147982,9.850452202469985
1696147983,6.329830967931264
1696147984,7.479015660298851
1696147985,7.451248431010198
1696147986,6.164602781872503
1696147987,7.673381648842765
1696147988,5.338422987497696
1696147989,7.8541885121834065
1696147990,3.18896780268202
1696147991,5.95734402735914
1696147992,9.410425769870706
1696147993,3.2881882077235653
1696147994,3.737658367075213
1696147995,5.937565105755144
1696147996,5.062073255519857
1696147997,5.204255321065173
1696147998,5.280373514585391
1696147999,5.369981415455812
1696148000,6.122855654780727
1696148001,4.5079486250235945
1696148002,2.99089231535657
1696148003,4.626563207240449
1696148004,6.893436268475011
1696148005,2.5915683035939576
1696148006,0.688344212885077
1696148007,4.675443680793233
1696148008,1.9946530307553028
1696148009,0.0
1696148010,3.528782905328412
1696148011,0.534290152706907
1696148012,1.2219684279143672
1696148013,1.864565235802782
1696148014,1.3705915556645945
1696148015,2.207216564165317
1696148016,0.0
1696148017,1.3932504215364994
1696148018,0.0
1696148019,1.4294987206634517
1696148020,0.9715009050212842
1696148021,0.0
1696148022,1.5013571716490124
1696148023,0.0
1696148024,0.5233198100259178
1696148025,0.0
1696148026,2.1815048135269937
1696148027,0.0
1696148028,0.0
1696148029,0.0
1696148030,0.0
1696148031,0.0
1696148032,0.0
1696148033,0.0
1696148034,0.0
1696148035,0.0
1696148036,0.0
1696148037,0.0
1696148038,0.0
1696148039,0.0
1696148040,0.0
1696148041,0.0
1696148042,0.0
1696148043,0.0
1696148044,0.0
1696148045,0.0
1696148046,0.0
1696148047,0.0
1696148048,0.0
1696148049,0.0
1696148050,0.0
1696148051,0.0
1696148052,0.0
1696148053,0.0
1696148054,0.0
1696148055,0.0
1696148056,0.0
1696148057,0.0
1696148058,0.0
1696148059,0.0
1696148060,0.0
1696148061,0.0
1696148062,0.0
1696148063,0.0
1696148064,0.0
1696148065,0.0
1696148066,0.0
1696148067,0.0
1696148068,0.0
1696148069,0.0
1696148070,0.0
1696148071,0.0
1696148072,0.0
1696148073,0.0
1696148074,0.0
1696148075,0.0
1696148076,0.0
1696148077,0.0
1696148078,0.0
1696148079,0.0
1696148080,0.0
1696148081,0.0
1696148082,0.0
1696148083,0.0
1696148084,0.0
1696148085,0.0
1696148086,0.0
1696148087,0.0
1696148088,0.0
1696148089,0.0
1696148090,0.0
1696148091,0.0
1696148092,0.0
1696148093,0.0
1696148094,0.0
1696148095,0.0
1696148096,0.0
1696148097,0.0
1696148098,0.0
1696148099,0.0
1696148100,0.0
1696148101,0.0
1696148102,0.0
1696148103,0.0
1696148104,0.0
1696148105,0.0
1696148106,0.0
1696148107,0.0
1696148108,0.0
1696148109,0.0
1696148110,0.0
1696148111,0.0
1696148112,0.0
1696148113,0.0
1696148114,0.0
1696148115,0.0
1696148116,0.0
1696148117,0.0
1696148118,0.0
1696148119,0.0
1696148120,0.0
1696148121,0.0
1696148122,0.0
1696148123,0.0
1696148124,0.0
1696148125,0.0
1696148126,0.0
1696148127,0.0
1696148128,0.0
1696148129,0.0
1696148130,0.0
1696148131,0.0
1696148132,0.0
1696148133,0.0
1696148134,0.0
1696148135,0.0
1696148136,0.0
1696148137,0.0
1696148138,0.0
1696148139,0.0
1696148140,0.0
1696148141,0.0
1696148142,0.0
1696148143,0.0
1696148144,0.0
1696148145,0.0
1696148146,0.0
1696148147,0.0
1696148148,0.0
1696148149,0.0
1696148150,0.0
1696148151,0.0
1696148152,0.0
1696148153,0.0
1696148154,0.0
1696148155,0.0
1696148156,0.0
1696148157,0.0
1696148158,0.0
1696148159,0.0
1696148160,0.0
1696148161,0.0
1696148162,0.0
1696148163,0.0
1696148164,0.0
1696148165,0.0
1696148166,0.0
1696148167,0.0
1696148168,0.0
1696148169,0.0
1696148170,0.0
1696148171,0.0
1696148172,0.0
1696148173,0.0
1696148174,0.0
1696148175,0.0
1696148176,0.0
1696148177,0.0
1696148178,0.0
1696148179,0.0
1696148180,0.0
1696148181,0.0
1696148182,0.0
1696148183,0.0
1696148184,0.0
1696148185,0.0
1696148186,0.0
1696148187,0.0
1696148188,0.0
1696148189,0.0
1696148190,0.0
1696148191,0.0
1696148192,0.0
1696148193,0.0
1696148194,0.0
1696148195,0.0
1696148196,0.0
1696148197,0.0
1696148198,0.0
1696148199,0.0
1696148200,0.0
1696148201,0.0
1696148202,0.0
1696148203,0.0
1696148204,0.0
1696148205,0.0
1696148206,0.0
1696148207,0.0
1696148208,0.0
1696148209,0.0
1696148210,0.0
1696148211,0.0
1696148212,0.0
1696148213,0.0
1696148214,0.0
1696148215,0.0
1696148216,0.0
1696148217,0.0
1696148218,0.0
1696148219,0.0
1696148220,0.0
1696148221,0.0
1696148222,0.0
1696148223,0.0
1696148224,0.0
1696148225,0.0
1696148226,0.0
1696148227,0.0
1696148228,0.0
1696148229,0.0
1696148230,0.0
1696148231,0.0
1696148232,0.0
1696148233,0.0
1696148234,0.0
1696148235,0.0
1696148236,0.0
1696148237,0.0
1696148238,0.0
1696148239,0.0
1696148240,0.0
1696148241,0.0
1696148242,0.0
1696148243,0.0
1696148244,0.0
1696148245,0.0
1696148246,0.0
1696148247,0.0
1696148248,0.0
1696148249,0.0
1696148250,0.0
1696148251,0.0
1696148252,0.0
1696148253,0.0
1696148254,0.0
1696148255,0.0
1696148256,0.0
1696148257,0.0
1696148258,0.0
1696148259,0.0
1696148260,0.0
1696148261,0.0
1696148262,0.0
1696148263,0.0
1696148264,0.0
1696148265,0.0
1696148266,0.0
1696148267,0.0
1696148268,0.0
1696148269,0.0
1696148270,0.0
1696148271,0.0
1696148272,0.0
1696148273,0.0
1696148274,0.0
1696148275,0.0
1696148276,0.0
1696148277,0.0
1696148278,0.0
1696148279,0.0
1696148280,0.0
1696148281,0.0
1696148282,0.0
1696148283,0.0
1696148284,0.0
1696148285,0.0
1696148286,0.0
1696148287,0.645716997125637
1696148288,0.7618327614943005
1696148289,1.8467095296765352
1696148290,1.0875264894707037
1696148291,0.5777445511309416
1696148292,2.2351591905676793
1696148293,0.23470286865488368
1696148294,0.0
1696148295,0.37796175834181434
1696148296,0.0
1696148297,0.0
1696148298,1.042148451998003
1696148299,0.0
1696148300,1.129859727338796
1696148301,0.0
1696148302,2.596265694288655
1696148303,2.37655987768173
1696148304,0.9350737329017484
1696148305,4.11677366305184
1696148306,4.884191582268453
1696148307,0.0
1696148308,1.8702131943485665
1696148309,2.0626216741315018
1696148310,1.9234105502024268
1696148311,5.692947844769364
1696148312,3.8348843974262903
1696148313,3.8957132773541114
1696148314,0.5937154421949353
1696148315,6.113756565386586
1696148316,2.5378254851712465
1696148317,5.356365299396687
1696148318,5.994561482502525
1696148319,8.376643737095298
1696148320,3.1964087208908154
1696148321,0.0
1696148322,6.598882757577121
1696148323,10.052546840578708
1696148324,9.116373793324417
1696148325,7.236893624288094
1696148326,6.017391807495707
1696148327,8.82694182876854
1696148328,5.430689799391276
1696148329,8.542853811764576
1696148330,8.791209604469124
1696148331,10.09764059202738
1696148332,13.709534116605127
1696148333,9.126221380263202
1696148334,7.495426379040165
1696148335,8.653722195686647
1696148336,5.323822954703755
1696148337,7.670560710471316
1696148338,8.42644926366582
1696148339,8.374660864077903
1696148340,9.915938883835368
1696148341,8.128845697355327
1696148342,12.220491578914995
1696148343,10.136502601921558
1696148344,10.290400887757233
1696148345,9.820142666217725
1696148346,10.963828617380376
1696148347,12.482537757140673
1696148348,9.240261338717211
1696148349,9.8274092556742
1696148350,10.706003892010186
1696148351,8.76917009079969
1696148352,9.991760917967405
1696148353,10.842914972060905
1696148354,13.7226997168948
1696148355,12.64671371231331
1696148356,12.662942601076987
1696148357,14.140951393891731
1696148358,12.301580402668641
1696148359,13.515399106423322
1696148360,12.66922764789779
1696148361,13.558769574519324
1696148362,11.995003318946445
1696148363,8.39856292070133
1696148364,13.183691829607982
1696148365,16.46085201218722
1696148366,15.598419809843298
1696148367,15.81359865590436
1696148368,16.493500348565796
1696148369,14.313952132977226
1696148370,14.663554159231683
1696148371,13.150219489827517
1696148372,13.884746711414408
1696148373,15.887292816426443
1696148374,17.195302797695263
1696148375,14.609620551905184
1696148376,14.102562686350916
1696148377,15.127808984681266
1696148378,16.453213620654935
1696148379,12.445602386619312
1696148380,10.839241297606169
1696148381,14.46557310559152
1696148382,13.222120232100574
1696148383,14.762736860931641
1696148384,15.591576351165228
1696148385,15.076709853292563
1696148386,19.015117556724263
1696148387,16.843239890978534
1696148388,16.884543029999794
1696148389,17.62489289027554
1696148390,14.166420018941672
1696148391,18.64256670228556
1696148392,16.48169861669601
1696148393,18.06866487383618
1696148394,14.639082108598306
1696148395,13.74697106714848
1696148396,18.602342471791506
1696148397,17.78719464590933
1696148398,15.283327632761054
1696148399,15.418471728185835
1696148400,19.506073181081064
1696148401,14.907130141994537
1696148402,20.676628952576056
1696148403,15.612785525258314
1696148404,18.772216522187577
1696148405,16.87985560231516
1696148406,18.81116240607459
1696148407,16.550870361112
1696148408,17.36831552077241
1696148409,17.82554492404275
1696148410,15.76816383123756
1696148411,19.32227444890703
1696148412,16.83516059321266
1696148413,17.44596237569735
1696148414,15.937977358953216
1696148415,12.811163394349597
1696148416,17.61938306872735
1696148417,22.893361521986442
1696148418,19.63844005590956
1696148419,18.041727618899554
1696148420,17.571455011377942
1696148421,18.164658717347024
1696148422,19.23762831334243
1696148423,15.76938097812071
1696148424,20.404947909949847
1696148425,19.609721343129465
1696148426,19.621577008018942
1696148427,19.0617759781825
1696148428,18.219189584236666
1696148429,19.53441377567272
1696148430,19.36767864914938
1696148431,17.456003216935
1696148432,17.005355148307142
1696148433,18.35570622281062
1696148434,21.258589425691838
1696148435,15.625230905358082
1696148436,15.14711945526237
1696148437,18.415808000098313
1696148438,18.163701944772928
1696148439,18.38538634897344
1696148440,18.500221524144948
1696148441,17.52910448221789
1696148442,20.94860986320721
1696148443,14.686323307953112
1696148444,16.205710171076632
1696148445,17.62769448911328
1696148446,14.4831311804484
1696148447,17.395661744826768
1696148448,21.051346447179238
1696148449,17.6969244532205
1696148450,18.068595654572583
1696148451,15.011173442460663
1696148452,16.25264586128926
1696148453,16.680509712305366
1696148454,16.735952050120872
1696148455,19.89587564612122
1696148456,18.37218192987716
1696148457,14.941692993980192
1696148458,17.608362102156768
1696148459,18.043749805710625
1696148460,19.26312806186489
1696148461,20.074176758815995
1696148462,14.76558979368212
1696148463,15.09633561287751
1696148464,14.113228007836806
1696148465,16.09043037047526
1696148466,17.414251628370977
1696148467,18.374406099362492
1696148468,16.14020423738986
1696148469,15.5548592941383
1696148470,16.409058061815685
1696148471,14.322326588189267
1696148472,20.115060526945033
1696148473,12.563023184411964
1696148474,16.0700842435449
1696148475,19.668687112281553
1696148476,15.496293591025147
1696148477,14.98896542863905
1696148478,14.538904811978343
1696148479,14.780887041188775
1696148480,17.793789212635943
1696148481,10.452061204480376
1696148482,17.877846597547666
1696148483,11.796191639775436
1696148484,14.00343953768991
1696148485,13.54925344538516
1696148486,15.471566477484798
1696148487,10.935175464275668
1696148488,14.954288474231284
1696148489,17.967782827009323
1696148490,11.006270601753007
1696148491,13.997450125145328
1696148492,12.141775021004248
1696148493,14.192397836190645
1696148494,13.22971333653762
1696148495,11.753698236391369
1696148496,13.882676450523938
1696148497,16.386973187001807
1696148498,12.216662509142594
1696148499,13.899910399567805
1696148500,9.690456524258455
1696148501,10.21420451724166
1696148502,12.936665349667882
1696148503,14.817042117385855
1696148504,12.383461727237961
1696148505,10.874865675170579
1696148506,11.341438570315136
1696148507,8.659081273671942
1696148508,12.23085601681773
1696148509,12.623405930189362
1696148510,9.765956791910504
1696148511,9.55969807008502
1696148512,10.871050843349483
1696148513,9.282512386994592
1696148514,9.855025931755847
1696148515,14.043563587114255
1696148516,9.138199284859947
1696148517,8.735811377727382
1696148518,7.97373891838198
1696148519,10.597413324845355
1696148520,8.550974547697411
1696148521,7.424718297359559
1696148522,11.211381637002162
1696148523,11.22419105010572
1696148524,6.96760285786756
1696148525,4.229011394364154
1696148526,9.831536557879271
1696148527,6.232435297203806
1696148528,9.014429797622826
1696148529,3.26020474746025
1696148530,8.835871336103958
1696148531,4.403487956482488
1696148532,8.122032777543309
1696148533,6.483137368360323
1696148534,4.3361841991619245
1696148535,5.241261848582842
1696148536,7.246601099423405
1696148537,5.878607096313174
1696148538,6.643563220856398
1696148539,9.248456848337025
1696148540,1.9135607096157217
1696148541,8.122664337090633
1696148542,4.8723900185848
1696148543,2.648544052667465
1696148544,1.5758652108413065
1696148545,3.6715573067526686
1696148546,5.705412521611697
1696148547,3.3865581397045923
1696148548,6.483172584347388
1696148549,0.30854345319139265
1696148550,86.58805366598752
1696148551,83.6723218626348
1696148552,86.51206447515888
1696148553,87.15012666261387
1696148554,84.09924043630146
1696148555,79.28390050212552
1696148556,84.51652492060894
1696148557,84.58037619523387
1696148558,84.1000343740129
1696148559,85.36079595398742
1696148560,80.2984026710945
1696148561,83.4132208723861
1696148562,84.03199446809086
1696148563,77.6324123449623
1696148564,81.4476818445494
1696148565,79.37566288563562
1696148566,79.81576107119315
1696148567,80.26959003399594
1696148568,78.17690612107889
1696148569,77.38732990338083
1696148570,78.40847923237152
1696148571,75.74041496299424
1696148572,75.33544007284371
1696148573,78.48507082892854
1696148574,74.39503548515273
1696148575,77.64672213513747
1696148576,76.83138774602672
1696148577,72.01787050204126
1696148578,73.72681325985606
1696148579,77.09578357123931
1696148580,72.31130421783264
1696148581,72.9520215648729
1696148582,74.41920931174235
1696148583,74.66805747969424
1696148584,72.18512665923869
1696148585,71.09142317008767
1696148586,74.76580453626187
1696148587,75.00911780121945
1696148588,73.08430751400165
1696148589,70.8916307094701
1696148590,68.70001474391098
1696148591,68.26539877734291
1696148592,70.60279561780746
1696148593,70.00550688236706
1696148594,71.60034065117374
1696148595,69.70184878969775
1696148596,64.97894824505366
1696148597,69.74481398278239
1696148598,65.23317884949934
1696148599,66.09090286375661
1696148600,66.99048992358645
1696148601,70.13068952049146
1696148602,72.00047659367772
1696148603,66.5828137942656
1696148604,64.61878667594972
1696148605,65.69403977867347
1696148606,66.03628611965472
1696148607,63.233832002932395
1696148608,67.13102039332152
1696148609,63.61280506489599
1696148610,63.789225799406225
1696148611,63.76683749703754
1696148612,62.91493246437709
1696148613,63.39799784215368
1696148614,60.10771290538823
1696148615,59.87209706330865
1696148616,58.427671702646414
1696148617,61.179144078346624
1696148618,61.5140655692533
1696148619,60.5197598433103
1696148620,62.62604791778682
1696148621,58.8973344030092
1696148622,59.91453828540494
1696148623,56.02773873086434
1696148624,57.109785397071114
1696148625,58.955513491915134
1696148626,58.931202217386485
1696148627,56.29626135546276
1696148628,56.41461037190214
1696148629,53.17279565360076
1696148630,55.18621961003245
1696148631,57.37615342658423
1696148632,56.419668517257854
1696148633,55.950174491177606
1696148634,54.724491691750664
1696148635,54.32342435692109
1696148636,52.66585389560019
1696148637,55.093810494780456
1696148638,54.22551737738687
1696148639,54.06246525579914
1696148640,51.70719217135955
1696148641,48.12657221887248
1696148642,54.376690092813064
1696148643,50.90404515828416
1696148644,49.83561864377111
1696148645,52.678882623704254
1696148646,50.20154100832684
1696148647,52.83933646662337
1696148648,51.661445388944585
1696148649,51.5125397209788
1696148650,47.102255447303904
1696148651,52.018350820981865
1696148652,49.82699032872408
1696148653,48.28318877851757
1696148654,49.04530711541646
1696148655,44.90899205629789
1696148656,49.04548900143303
1696148657,45.884549886288774
1696148658,44.972221929788915
1696148659,44.37193138383769
1696148660,49.42553924674334
1696148661,45.66232308848208
1696148662,49.76987344494724
1696148663,45.35173837108995
1696148664,42.745540971971785
1696148665,43.69303698957685
1696148666,48.19244853860173
1696148667,45.15046089878614
1696148668,44.12466126984349
1696148669,45.31932107794002
1696148670,45.77806430840277
1696148671,46.791249532980714
1696148672,47.233811355209504
1696148673,43.36834968773332
1696148674,41.20211469563132
1696148675,42.82434566968605
1696148676,43.968024299437936
1696148677,41.29048397871806
1696148678,41.095321143644725
1696148679,43.51086005624355
1696148680,42.5170643780263
1696148681,42.480846325403604
1696148682,40.68883633615947
1696148683,41.55803734276943
1696148684,39.96787053208379
1696148685,43.434434715065
1696148686,43.54004986281114
1696148687,37.55023593258969
1696148688,39.216129847321895
1696148689,37.8952294641761
1696148690,39.42524736158481
1696148691,40.39400774983004
1696148692,37.47107887139596
1696148693,38.36718939282327
1696148694,38.037193290302085
1696148695,40.315927733285086
1696148696,39.8789874308314
1696148697,38.12874571829589
1696148698,39.78579233420271
1696148699,38.17726629180082
1696148700,38.58347776019401
1696148701,42.35756889640034
1696148702,41.544210090415426
1696148703,36.08506181847415
1696148704,40.23862652606459
1696148705,40.0675828706549
1696148706,35.98766147184516
1696148707,39.82255119191751
1696148708,41.14578962257749
1696148709,35.66204650775684
1696148710,35.95489220579353
1696148711,39.73657261964711
1696148712,38.11829122544861
1696148713,38.57037182602714
1696148714,38.03612225261782
1696148715,38.03049062079508
1696148716,34.46664157931918
1696148717,39.14853035606982
1696148718,39.29647244503377
1696148719,36.38189762677261
1696148720,36.66348634713369
1696148721,33.57568780622887
1696148722,37.609331341501886
1696148723,37.64085279929633
1696148724,36.28061039839576
1696148725,38.59181462934991
1696148726,35.576223280538336
1696148727,37.31271373640791
1696148728,34.04885410864674
1696148729,35.98693024665147
1696148730,35.61667024779755
1696148731,36.35817262914263
1696148732,35.098429946792066
1696148733,35.51949711093641
1696148734,37.392821900702074
1696148735,34.794892880155004
1696148736,32.38690887814147
1696148737,39.1010175331697
1696148738,38.31345602843162
1696148739,32.88280898539091
1696148740,36.83558229670755
1696148741,34.39413274347855
1696148742,35.90271825940707
1696148743,35.93133714511799
1696148744,34.83532224574871
1696148745,33.699990402555486
1696148746,33.86185113041026
1696148747,33.38361428285377
1696148748,33.53245012234002
1696148749,35.054380879942705
1696148750,33.73112426787031
1696148751,36.53357455870506
1696148752,38.14427767030171
1696148753,33.96941551769582
1696148754,35.613490151782926
1696148755,36.133149830350106
1696148756,36.07485580158807
1696148757,35.2765887358787
1696148758,36.62198265345345
1696148759,36.10142982215177
1696148760,32.642327410091966
1696148761,36.89602485736244
1696148762,36.94332721262231
1696148763,33.63043237612199
1696148764,35.259888502041335
1696148765,36.57746297785104
1696148766,34.79809031274488
1696148767,37.403143199038794
1696148768,40.027582492239745
1696148769,33.70622388897448
1696148770,32.53463488682279
1696148771,35.95893323457554
1696148772,36.832039434875725
1696148773,34.94628645410719
1696148774,38.37495296859382
1696148775,32.78668958170414
1696148776,36.91913419474648
1696148777,34.34309632740013
1696148778,39.07106416719337
1696148779,39.66600117417677
1696148780,34.15282892556692
1696148781,34.638427408299435
1696148782,37.527674000141666
1696148783,35.06725719486675
1696148784,35.80914756532682
1696148785,36.00683591334514
1696148786,32.1443544002683
1696148787,36.042818548386116
1696148788,34.7408854498254
1696148789,35.19856232886481
1696148790,39.16409362795805
1696148791,33.788123678657165
1696148792,38.02461150650842
1696148793,35.89160597432817
1696148794,35.95910870180587
1696148795,38.18590624990393
1696148796,37.35050604653401
1696148797,37.88843071758869
1696148798,38.764235226282764
1696148799,36.22190384293534
1696148800,35.73322885524345
1696148801,34.85900402403918
1696148802,35.46229175490482
1696148803,43.148840418490835
1696148804,39.796929385651005
1696148805,34.6502113669838
1696148806,34.79258757951068
1696148807,38.514030773842975
1696148808,38.73275579004961
1696148809,38.82404608203161
1696148810,37.293439486344454
1696148811,37.64447844582305
1696148812,38.649014734870086
1696148813,38.25349453301735
1696148814,33.701687410944615
1696148815,37.80432618441604
1696148816,36.646638686782076
1696148817,38.810876905429325
1696148818,44.56944272661394
1696148819,39.39209570322907
1696148820,38.117983502285846
1696148821,40.70592637927129
1696148822,39.920691679645955
1696148823,39.89481362700361
1696148824,40.372023435772924
1696148825,43.39460620027127
1696148826,37.07428996419322
1696148827,40.41002923925017
1696148828,37.692379218942136
1696148829,40.78210983753577
1696148830,37.91599975564609
1696148831,39.030900204732674
1696148832,39.382493095621356
1696148833,42.048911673679314
1696148834,42.03933667136632
1696148835,37.785030591749674
1696148836,40.51244571446222
1696148837,39.07898317507084
1696148838,38.08018745384741
1696148839,40.28621182434723
1696148840,40.209620130777175
1696148841,45.828759983156075
1696148842,41.91951439662681
1696148843,38.379490607673304
1696148844,40.12558941619072
1696148845,43.42993626830594
1696148846,45.688376866310016
1696148847,38.39304414832478
1696148848,37.909156478469335
1696148849,45.57529923514856
1696148850,42.69874450289313
1696148851,40.27231668490903
1696148852,43.2071604926967
1696148853,36.92694811773111
1696148854,42.35232100224629
1696148855,43.113557574502195
1696148856,44.4226250644075
1696148857,40.62434084434295
1696148858,42.946631624832314
1696148859,41.01568716254324
1696148860,43.50097163202719
1696148861,41.28798035208911
1696148862,42.37500054220408
1696148863,41.295614757474404
1696148864,44.71847908253648
1696148865,45.24008307843317
1696148866,43.14097991183796
1696148867,43.79359899716099
1696148868,40.899994517716685
1696148869,43.316651922075714
1696148870,43.92037114167578
1696148871,49.40266275739971
1696148872,41.98112368803831
1696148873,47.27092167917019
1696148874,46.42761443813204
1696148875,45.0820316931904
1696148876,48.15685730976614
1696148877,45.45910037624917
1696148878,45.58861657214558
1696148879,44.79175254889672
1696148880,47.45762291760269
1696148881,47.294045557529216
1696148882,43.9156235948426
1696148883,42.60876422813647
1696148884,44.94763097828028
1696148885,43.833257393212634
1696148886,45.40491876252785
1696148887,48.11285731017743
1696148888,44.78357407987186
1696148889,45.70313074975654
1696148890,45.98961683123193
1696148891,47.66438041097842
1696148892,41.508483315791985
1696148893,44.893139901772955
1696148894,46.619891584889345
1696148895,48.68957947147605
1696148896,45.35641535158029
1696148897,42.64122131672504
1696148898,47.744514912058
1696148899,45.28777816670613
1696148900,44.241698779046715
1696148901,45.45022300628664
1696148902,46.40447945307883
1696148903,45.62440017003145
1696148904,42.4640510503934
1696148905,48.77940404321816
1696148906,49.602939829584095
1696148907,48.407704940061656
1696148908,44.86183421437995
1696148909,46.80593847441168
1696148910,47.25497111346955
1696148911,48.52925090335994
1696148912,48.72239796423729
1696148913,45.947828008841576
1696148914,47.64213354170765
1696148915,48.446438073355544
1696148916,50.504900159655016
1696148917,49.03582888495321
1696148918,49.249272953550324
1696148919,47.869643014716594
1696148920,50.58235015488039
1696148921,48.60388814911893
1696148922,46.07931436462653
1696148923,50.676374804302256
1696148924,49.28742845421107
1696148925,47.01920066440926
1696148926,46.974634177360336
1696148927,48.56539116614144
1696148928,48.92626539575016
1696148929,48.41380014396091
1696148930,48.664936225842034
1696148931,51.48246939038408
1696148932,50.23383240326177
1696148933,48.47450559456936
1696148934,50.000767069561206
1696148935,46.03535956735941
1696148936,48.92739667451086
1696148937,51.77902240457038
1696148938,47.69983068160216
1696148939,46.43503656243227
1696148940,46.8308137675558
1696148941,45.94892734834549
1696148942,46.5609191437485
1696148943,47.39125872175131
1696148944,45.29926511707421
1696148945,48.15437365800898
1696148946,49.93036451318524
1696148947,46.270603971942606
1696148948,51.146173278725605
1696148949,49.097258906653046
1696148950,50.12561377639266
1696148951,46.702455644359446
1696148952,49.72651938547001
1696148953,45.77914564170456
1696148954,49.74558120495462
1696148955,48.268348311094755
1696148956,49.00502044200242
1696148957,45.48749178527001
1696148958,46.01654151231581
1696148959,48.985056872879
1696148960,45.830266870027906
1696148961,48.631714259514496
1696148962,44.89875108795934
1696148963,49.31532500015923
1696148964,45.07351389438542
1696148965,48.618270915945935
1696148966,48.71227123470025
1696148967,45.991744726891895
1696148968,48.51025443247898
1696148969,47.80187757590484
1696148970,46.12874551436689
1696148971,45.117455570637375
1696148972,43.12799084144119
1696148973,47.71777848780275
1696148974,43.788754415653614
1696148975,47.06009122291094
1696148976,46.261168173262355
1696148977,48.08222148502381
1696148978,46.02475687747866
1696148979,45.88688334088117
1696148980,47.9404867870842
1696148981,47.05382624361683
1696148982,46.92640904924203
1696148983,47.14336821753926
1696148984,43.00997682739789
1696148985,47.53295192867772
1696148986,47.1439603799731
1696148987,43.760919042166066
1696148988,45.2150527000306
1696148989,45.52284501993509
1696148990,45.224034490929256
1696148991,46.05854040056375
1696148992,48.15855503731649
1696148993,47.34055981164687
1696148994,42.401081546755556
1696148995,46.180626629156514
1696148996,47.48482223270322
1696148997,45.464253975363725
1696148998,46.758714844346784
1696148999,48.48850922852665
1696149000,46.3679391007004
1696149001,44.67675692378522
1696149002,46.147265198249535
1696149003,44.19836782067591
1696149004,43.817434291028405
1696149005,42.92194024721631
1696149006,46.63885252134226
1696149007,41.696174421431465
1696149008,46.28738870023486
1696149009,44.05941325318361
1696149010,40.08311210283414
1696149011,43.49178018609388
1696149012,38.3659128608364
1696149013,43.70201375521496
1696149014,44.067660546374626
1696149015,40.930745829389636
1696149016,42.21159404438029
1696149017,45.7365353945205
1696149018,40.61441312181856
1696149019,39.332313355877574
1696149020,44.28195477577249
1696149021,45.07962460131864
1696149022,40.959322402994346
1696149023,42.814758822372355
1696149024,43.30269042709932
1696149025,38.924763479038184
1696149026,39.262235795173886
1696149027,42.53767418751219
1696149028,43.26836893175799
1696149029,40.821177264027384
1696149030,37.72629250833067
1696149031,43.313148973473986
1696149032,38.04801521218097
1696149033,38.24941205853157
1696149034,39.41957189835117
1696149035,41.66470801842034
1696149036,40.055592400680865
1696149037,38.97086069153786
1696149038,38.86683215706938
1696149039,37.81778987328474
1696149040,38.649891846179706
1696149041,32.22195232617689
1696149042,36.51321229369766
1696149043,37.38755756940757
1696149044,34.37100963671337
1696149045,37.25605115481447
1696149046,35.85155047301312
1696149047,39.585155526108565
1696149048,39.00050350092246
1696149049,34.6739539914058
1696149050,35.088733306064995
1696149051,35.0224097403484
1696149052,34.0387217429059
1696149053,35.117776934472325
1696149054,32.97162452021526
1696149055,31.994790466033365
1696149056,35.299739279461264
1696149057,35.08432428811606
1696149058,31.964824613181484
1696149059,35.157940638985195
1696149060,31.848461786089835
1696149061,33.397182112002476
1696149062,34.304881420391986
1696149063,32.34795813753163
1696149064,33.09459969018768
1696149065,30.8993146342506
1696149066,31.304524221655875
1696149067,31.045070390251112
1696149068,29.714020212866174
1696149069,30.619617874853958
1696149070,27.611959148892538
1696149071,29.498264698122405
1696149072,29.66857333272778
1696149073,29.480177858185886
1696149074,29.262684197649467
1696149075,29.376920427659762
1696149076,30.218688310456393
1696149077,30.765226472656103
1696149078,27.443620840126737
1696149079,26.077472448886102
1696149080,26.1504703533774
1696149081,27.016033261395886
1696149082,27.035550870403206
1696149083,25.939457808073726
1696149084,24.62505197091437
1696149085,26.0627013023394
1696149086,27.091875073025257
1696149087,27.669286062004176
1696149088,25.090694041502182
1696149089,25.124750920365656
1696149090,23.832277389858426
1696149091,25.378343617390485
1696149092,23.47394311457113
1696149093,26.07969861361392
1696149094,21.067545573832923
1696149095,23.68207311317691
1696149096,24.753879007081988
1696149097,24.25778335050014
1696149098,29.053624325652
1696149099,24.07191857262914
1696149100,21.083567032495246
1696149101,22.65374262960202
1696149102,19.006373609641475
1696149103,22.162191471322036
1696149104,20.385168275946214
1696149105,23.6472581150823
1696149106,20.434583846555007
1696149107,21.0456728102655
1696149108,19.739454799341633
1696149109,24.262915409341588
1696149110,19.8512304882982
1696149111,23.930389775375836
1696149112,21.617907799083703
1696149113,20.68849152031213
1696149114,20.20004739760432
1696149115,19.990695254544484
1696149116,15.053485333871468
1696149117,18.11637543884668
1696149118,20.122244117725636
1696149119,18.062117428379416
1696149120,15.07097816702214
1696149121,17.538849811643495
1696149122,20.82062107842425
1696149123,19.642329664357373
1696149124,16.748429133937393
1696149125,18.53441409458832
1696149126,15.623288346870005
1696149127,12.673612339396412
1696149128,13.98967470614783
1696149129,18.747754381731742
1696149130,14.79341313998237
1696149131,14.602609197280154
1696149132,14.23706850760043
1696149133,18.426863216165053
1696149134,17.61602425363492
1696149135,18.560961855453566
1696149136,13.521034098777864
1696149137,14.18922370327953
1696149138,10.2905306893105
1696149139,16.076177930630024
1696149140,10.501933440730134
1696149141,13.04733272204463
1696149142,10.15611258715796
1696149143,10.938118144611497
1696149144,10.196161028398917
1696149145,10.417934374242211
1696149146,10.317093662494004
1696149147,10.06037171483941
1696149148,12.60702343075183
1696149149,8.465623088003337
1696149150,10.901322325705891
1696149151,12.677328934773602
1696149152,8.956640062737343
1696149153,8.312843066670863
1696149154,9.064868884245447
1696149155,11.677665347214846
1696149156,9.464243753334813
1696149157,7.776625043956123
1696149158,9.59717351991323
1696149159,6.177722491006561
1696149160,9.549636538764572
1696149161,8.779446939243751
1696149162,7.116744246329128
1696149163,5.829554210064906
1696149164,5.516423418287047
1696149165,8.165936624317288
1696149166,9.351446955658206
1696149167,5.379365360775418
1696149168,7.377062060558352
1696149169,2.039756721000268
1696149170,4.86017095468098
1696149171,5.77035137240788
1696149172,3.796434653877773
1696149173,3.540523656257534
1696149174,3.8818276517456543
1696149175,5.617668363539956
1696149176,4.454763434570186
1696149177,0.1273902198449548
1696149178,0.17105190959523497
1696149179,3.0299771618764346
1696149180,4.985446411636049
1696149181,0.0
1696149182,2.682784000646212
1696149183,2.445394583804278
1696149184,6.121098873847027
1696149185,2.3677455144823245
1696149186,3.73702142484478
1696149187,3.0736807316349015
1696149188,0.0
1696149189,3.9903300366480803
1696149190,2.706138315954531
1696149191,3.1279610129222384
1696149192,9.848686891018062
1696149193,0.0
1696149194,5.086369506194318
1696149195,0.871967513545501
1696149196,1.8721414326990633
1696149197,1.045637547184393
1696149198,0.1288104490994968
1696149199,0.0
1696149200,1.346555272007146
1696149201,0.0
1696149202,1.9026661792229191
1696149203,0.0
1696149204,0.0
1696149205,0.0
1696149206,2.365220202205901
1696149207,0.0
1696149208,0.2887791885798201
1696149209,0.0
1696149210,0.8371498544421989
1696149211,0.5664135893671673
1696149212,2.7874685072152268
1696149213,0.0
1696149214,0.17186568673025882
1696149215,0.0
1696149216,1.2069515911000774
1696149217,0.0
1696149218,0.0
1696149219,0.0
1696149220,0.0
1696149221,0.0
1696149222,0.0
1696149223,0.0
1696149224,0.0
1696149225,0.8641786287951945
1696149226,0.0
1696149227,0.0
1696149228,0.0
1696149229,0.0
1696149230,0.0
1696149231,0.0
1696149232,0.07854533719066126
1696149233,0.0
1696149234,0.0
1696149235,0.0
1696149236,0.0
1696149237,0.0
1696149238,0.0
1696149239,0.0
1696149240,0.0
1696149241,0.0
1696149242,0.0
1696149243,0.0
1696149244,0.0
1696149245,0.0
1696149246,0.0
1696149247,0.0
1696149248,0.0
1696149249,0.0
1696149250,0.0
1696149251,0.0
1696149252,0.0
1696149253,0.0
1696149254,0.0
1696149255,0.0
1696149256,0.0
1696149257,0.0
1696149258,0.0
1696149259,0.0
1696149260,0.0
1696149261,0.0
1696149262,0.0
1696149263,0.0
1696149264,0.0
1696149265,0.0
1696149266,0.0
1696149267,0.0
1696149268,0.0
1696149269,0.0
1696149270,0.12705458729979213
1696149271,0.0
1696149272,0.0
1696149273,0.0
1696149274,0.0
1696149275,0.0
1696149276,0.0
1696149277,0.0
1696149278,0.0
1696149279,0.0
1696149280,0.0
1696149281,0.0
1696149282,0.0
1696149283,0.0
1696149284,0.0
1696149285,0.0
1696149286,1.6188212098012364
1696149287,0.0
1696149288,0.0
1696149289,0.0
1696149290,0.0
1696149291,0.0
1696149292,0.0
1696149293,0.0
1696149294,0.0
1696149295,0.0
1696149296,0.0
1696149297,0.0
1696149298,0.0
1696149299,0.0
1696149300,1.5933387395872014
1696149301,0.0
1696149302,0.0
1696149303,0.0
1696149304,0.0
1696149305,0.4388760491815109
1696149306,0.0
1696149307,0.0
1696149308,1.2329938937380245
1696149309,0.0
1696149310,0.0
1696149311,0.0
1696149312,1.0862747483522366
1696149313,0.0
1696149314,0.0
1696149315,0.0
1696149316,0.567566367176271
1696149317,1.994205638392561
1696149318,0.0
1696149319,0.0
1696149320,2.27089001506625
1696149321,0.0
1696149322,0.0
1696149323,0.7147578506096544
1696149324,1.3678764641334205
1696149325,0.0
1696149326,0.8002140485873177
1696149327,0.0
1696149328,0.0
1696149329,2.058311155542981
1696149330,0.0
1696149331,1.5466241512350525
1696149332,2.471988630486498
1696149333,1.0265636334129358
1696149334,2.206851294992431
1696149335,0.07150078189336107
1696149336,1.7443470371746859
1696149337,3.5408321449941456
1696149338,2.7795026909622873
1696149339,1.434587703298229
1696149340,3.2226373803347634
1696149341,4.3664167460098575
1696149342,0.0
1696149343,5.576890321293972
1696149344,2.723087993940654
1696149345,4.41826659309657
1696149346,6.1347176959380345
1696149347,1.1209919869654676
1696149348,2.6188792198415474
1696149349,3.6315030732257974
1696149350,2.79924653048732
1696149351,8.040764124054178
1696149352,2.9861023886816813
1696149353,3.7614342635831637
1696149354,5.461930318085722
1696149355,2.797986159043573
1696149356,4.593948471463762
1696149357,6.202660024126725
1696149358,5.064898890517306
1696149359,5.720761188075562
1696149360,5.016431023952497
1696149361,3.206218475469277
1696149362,7.081224322963237
1696149363,10.145419937787064
1696149364,6.82315427648029
1696149365,7.417299611670243
1696149366,8.537099759140037
1696149367,4.7621332887623735
1696149368,10.929169378094244
1696149369,8.08583977984505
1696149370,11.146155473535297
1696149371,6.5613969258849085
1696149372,11.882436091595174
1696149373,9.962172382225921
1696149374,9.696099830939813
1696149375,9.235102076771906
1696149376,8.444881667119574
1696149377,11.547004449147439
1696149378,9.593425676703916
1696149379,5.529901341983885
1696149380,7.425354922605171
1696149381,9.485095607112475
1696149382,10.667467687122732
1696149383,10.112194312551894
1696149384,12.865812561981219
1696149385,6.66181335207532
1696149386,11.065986843844755
1696149387,7.297052534969655
1696149388,12.674391885201157
1696149389,11.136682184219866
1696149390,12.355791813988228
1696149391,9.952807599037754
1696149392,14.454535523676729
1696149393,14.158345716035237
1696149394,13.417776862715248
1696149395,12.163404680050663
1696149396,13.774887568164653
1696149397,11.364019177514464
1696149398,14.693784027223147
1696149399,16.47468009980028
1696149400,15.48910968232812
1696149401,12.042213137107808
1696149402,14.420537382741697
1696149403,11.266243795886009
1696149404,15.204224595941856
1696149405,15.137377971545252
1696149406,10.639892584395662
1696149407,12.243980616220718
1696149408,14.191252401444041
1696149409,14.33178881026794
1696149410,12.67658372854837
1696149411,16.072299167836743
1696149412,15.969469628932373
1696149413,15.244838723155624
1696149414,14.286170560255766
1696149415,18.094107017601175
1696149416,19.487755405277223
1696149417,15.34823168090832
1696149418,15.258607020875123
1696149419,17.650463859000396
1696149420,16.10702991328682
1696149421,16.71435367969727
1696149422,18.651422214231232
1696149423,13.478697878026065
1696149424,20.146074058523197
1696149425,17.79904876074076
1696149426,16.98523697774219
1696149427,17.795254966515348
1696149428,18.05893601564891
1696149429,14.80483308010087
1696149430,21.462596526421365
1696149431,18.68978433097583
1696149432,19.654058953562224
1696149433,20.832447344021602
1696149434,17.010008997752216
1696149435,20.172778675054623
1696149436,18.829366951520136
1696149437,21.22340028720886
1696149438,15.378210574073723
1696149439,19.61062941220543
1696149440,18.740129092560593
1696149441,20.968823581409737
1696149442,21.186588126373646
1696149443,18.953844804006337
1696149444,19.08339327051019
1696149445,20.43261137439987
1696149446,18.984619738553
1696149447,22.62200244940358
1696149448,20.314136451195587
1696149449,15.331698159849024
1696149450,20.563277051454325
1696149451,19.35372860862035
1696149452,18.285580603768373
1696149453,19.203670885539374
1696149454,22.04028770119811
1696149455,24.618095296561382
1696149456,22.691432391953462
1696149457,20.956001045025268
1696149458,23.212609758168252
1696149459,21.483108177168862
1696149460,21.120933118514905
1696149461,20.305095627392987
1696149462,19.209967541360726
1696149463,22.061002458266675
1696149464,23.270164470514842
1696149465,22.860152198882563
1696149466,22.31794776652571
1696149467,21.349818145049653
1696149468,24.578426837882887
1696149469,20.794386411949972
1696149470,25.10548270497336
1696149471,21.6139750294151
1696149472,22.206822102650115
1696149473,20.855002999977415
1696149474,22.885720072530773
1696149475,25.94470563408791
1696149476,25.099926693241564
1696149477,26.111823018942637
1696149478,25.269772845611058
1696149479,22.069103932959962
1696149480,23.69954818152955
1696149481,22.86504502600454
1696149482,27.187024162604985
1696149483,22.161320317395433
1696149484,26.438139286888696
1696149485,26.499106389241042
1696149486,28.44672533629655
1696149487,23.99278350742344
1696149488,26.30948524151241
1696149489,29.525309251356173
1696149490,23.73493550990276
1696149491,21.935732214652035
1696149492,21.28770674016276
1696149493,26.556702556154388
1696149494,21.368788965123855
1696149495,24.45334230685482
1696149496,26.122761791520116
1696149497,25.650512423630488
1696149498,26.168152855246404
1696149499,25.79003624872898
1696149500,27.94790380483139
1696149501,23.478851899940913
1696149502,24.057937514316674
1696149503,23.887200144713496
1696149504,27.13654540770603
1696149505,27.295389065806063
1696149506,26.405388618915353
1696149507,27.893585325092015
1696149508,23.14563309444409
1696149509,28.8867060930918
1696149510,28.602288834034496
1696149511,27.01864953929165
1696149512,29.127635995723367
1696149513,22.198092196329924
1696149514,24.4756517479224
1696149515,24.04473459513711
1696149516,26.971641712630237
1696149517,23.391165069068037
1696149518,27.020296693478766
1696149519,28.240034379741516
1696149520,26.861418301710742
1696149521,26.012143155016688
1696149522,23.427313098397843
1696149523,23.686512663916318
1696149524,27.8834511280484
1696149525,26.90621406886566
1696149526,25.225221648288457
1696149527,24.42739267253185
1696149528,21.150835970370988
1696149529,23.035911313511917
1696149530,29.003547426164427
1696149531,22.52833021409525
1696149532,25.444015504403957
1696149533,27.04368055113884
1696149534,22.434341522717183
1696149535,25.281961126788687
1696149536,26.744145003948923
1696149537,24.82169279343806
1696149538,30.516038944532706
1696149539,21.311844704652973
1696149540,26.74250089621087
1696149541,24.194013794629154
1696149542,26.028241037596338
1696149543,25.290464226170986
1696149544,22.85010396947134
1696149545,24.71261488733076
1696149546,20.429221585921713
1696149547,25.307592730211542
1696149548,24.609924805163487
1696149549,25.210841131851172
1696149550,25.96861911459036
1696149551,24.48768481090157
1696149552,23.953509002912767
1696149553,21.785784418552815
1696149554,22.02977143900102
1696149555,25.757632640280978
1696149556,26.159980062075412
1696149557,22.683337994477416
1696149558,23.150917568892396
1696149559,21.128458438475715
1696149560,25.205075469817803
1696149561,24.071553363292466
1696149562,26.52884422828543
1696149563,20.732199401138086
1696149564,21.622774963218795
1696149565,22.73119655182731
1696149566,23.44584639675353
1696149567,21.58498519643526
1696149568,20.13489142847269
1696149569,23.542135756637606
1696149570,23.08951177929883
1696149571,19.658575733381426
1696149572,24.102316515072317
1696149573,23.593494389296612
1696149574,21.36872172351507
1696149575,21.119097620097563
1696149576,21.933796764586102
1696149577,18.93794252202336
1696149578,20.58967879542359
1696149579,16.045355293886637
1696149580,21.99954324163891
1696149581,16.936694060106294
1696149582,22.959962318465443
1696149583,19.111387739529064
1696149584,19.194195201129883
1696149585,18.19823981382255
1696149586,18.723375250366736
1696149587,22.00097419017337
1696149588,13.967238647011818
1696149589,21.388639679704184
1696149590,19.33071307451598
1696149591,16.049903905176905
1696149592,16.146043018058396
1696149593,21.51972203661245
1696149594,16.064370317888706
1696149595,15.471644167316864
1696149596,19.91173067563418
1696149597,18.125321757006226
1696149598,15.37486573614146
1696149599,17.521319226810363
1696149600,14.836681750124256
1696149601,18.938851269278018
1696149602,18.675229951490955
1696149603,17.423093980540806
1696149604,16.89301301894687
1696149605,19.524799559991795
1696149606,15.78601613908263
1696149607,13.214499363471463
1696149608,16.309557165415562
1696149609,19.4139120981383
1696149610,12.971545157088972
1696149611,14.092270243313504
1696149612,15.462920725133403
1696149613,14.31727263714335
1696149614,12.247576070343081
1696149615,16.28720527652979
1696149616,18.500283374530945
1696149617,14.018522122570749
1696149618,11.598456188278291
1696149619,10.094817162048038
1696149620,13.530491555711432
1696149621,15.02880409021381
1696149622,13.554957980677186
1696149623,12.38475795007139
1696149624,10.993471413581672
1696149625,9.77055479354172
1696149626,13.442732217133345
1696149627,13.390736938112724
1696149628,8.223026084316318
1696149629,14.328288554430602
1696149630,12.068170068693627
1696149631,13.517455080423929
1696149632,7.778317006457294
1696149633,7.515199464604624
1696149634,9.751112834298763
1696149635,10.847810838092752
1696149636,13.237193772071972
1696149637,10.822736613253152
1696149638,8.692944079649608
1696149639,6.895296001649793
1696149640,11.222729609929162
1696149641,6.581121482108436
1696149642,11.586398455522593
1696149643,7.5119646073876165
1696149644,11.069413950472384
1696149645,9.011706679234122
1696149646,7.146602326015129
1696149647,6.154777347926291
1696149648,6.292888414781348
1696149649,7.621102208720845
1696149650,6.691648198873922
1696149651,5.11766506096753
1696149652,5.758284371147817
1696149653,6.028130830408948
1696149654,1.3582691612115458
1696149655,6.348411203700983
1696149656,3.228858877678799
1696149657,2.65677398079067
1696149658,1.3585609709231665
1696149659,0.9217437379110107
1696149660,1.5831639829054103
1696149661,2.6637927209422108
1696149662,7.8064029798484835
1696149663,2.5895802315748497
1696149664,3.7860526940929766
1696149665,4.013795144032281
1696149666,3.2501691394254486
1696149667,2.609572375260235
1696149668,0.13704276324814302
1696149669,5.249233873137746
1696149670,5.74770573913566
1696149671,0.0
1696149672,0.0
1696149673,0.886952414120457
1696149674,0.0
1696149675,2.035627229198901
1696149676,0.0
1696149677,4.946173870222739
1696149678,2.767289444925705
1696149679,0.5820495677982889
1696149680,2.009010671601575
1696149681,1.9546745371546503
1696149682,0.0
1696149683,0.0
1696149684,0.0
1696149685,0.616494645263586
1696149686,0.0
1696149687,0.0
1696149688,0.0
1696149689,0.0
1696149690,0.0
1696149691,1.6108849437082502
1696149692,0.0
1696149693,0.0
1696149694,0.027556898812022723
1696149695,1.402890930206092
1696149696,0.0
1696149697,0.0
1696149698,0.0
1696149699,0.0
1696149700,0.0
1696149701,0.0
1696149702,0.0
1696149703,0.0
1696149704,0.0
1696149705,0.0
1696149706,0.0
1696149707,0.0
1696149708,0.0
1696149709,0.0
1696149710,0.0
1696149711,0.0
1696149712,0.0
1696149713,0.0
1696149714,0.0
1696149715,0.0
1696149716,0.0
1696149717,0.0
1696149718,0.0
1696149719,0.0
1696149720,0.0
1696149721,0.0
1696149722,0.0
1696149723,0.0
1696149724,0.0
1696149725,0.0
1696149726,0.0
1696149727,0.0
1696149728,0.0
1696149729,0.0
1696149730,0.0
1696149731,0.0
1696149732,0.0
1696149733,0.0
1696149734,0.0
1696149735,0.0
1696149736,0.0
1696149737,0.0
1696149738,0.0
1696149739,0.0
1696149740,0.0
1696149741,0.0
1696149742,0.0
1696149743,0.0
1696149744,0.0
1696149745,0.0
1696149746,0.0
1696149747,0.0
1696149748,0.0
1696149749,0.0
1696149750,0.0
1696149751,0.0
1696149752,0.0
1696149753,0.0
1696149754,0.0
1696149755,0.0
1696149756,0.0
1696149757,0.0
1696149758,0.0
1696149759,0.0
1696149760,0.0
1696149761,0.0
1696149762,0.0
1696149763,0.0
1696149764,0.0
1696149765,0.0
1696149766,0.0
1696149767,0.0
1696149768,0.0
1696149769,0.0
1696149770,0.0
1696149771,0.0
1696149772,0.0
1696149773,0.0
1696149774,0.0
1696149775,0.0
1696149776,0.0
1696149777,0.0
1696149778,0.0
1696149779,0.0
1696149780,0.0
1696149781,0.0
1696149782,0.0
1696149783,0.0
1696149784,0.0
1696149785,0.0
1696149786,0.0
1696149787,0.0
1696149788,0.0
1696149789,0.0
1696149790,0.0
1696149791,0.0
1696149792,0.0
1696149793,0.0
1696149794,0.0
1696149795,0.0
1696149796,0.0
1696149797,0.0
1696149798,0.0
1696149799,0.0
1696149800,0.0
1696149801,0.0
1696149802,0.0
1696149803,0.0
1696149804,0.0
1696149805,0.0
1696149806,0.0
1696149807,0.0
1696149808,0.0
1696149809,0.0
1696149810,0.0
1696149811,0.0
1696149812,0.0
1696149813,0.0
1696149814,0.0
1696149815,0.0
1696149816,0.0
1696149817,0.0
1696149818,0.0
1696149819,0.0
1696149820,0.0
1696149821,0.0
1696149822,0.0
1696149823,0.0
1696149824,0.0
1696149825,0.0
1696149826,0.0
1696149827,0.0
1696149828,0.0
1696149829,0.0
1696149830,0.0
1696149831,0.0
1696149832,0.0
1696149833,0.0
1696149834,0.0
1696149835,0.0
1696149836,0.0
1696149837,0.0
1696149838,0.0
1696149839,0.0
1696149840,0.0
1696149841,0.0
1696149842,0.0
1696149843,0.0
1696149844,0.0
1696149845,0.0
1696149846,0.0
1696149847,0.0
1696149848,0.0
1696149849,0.0
1696149850,0.0
1696149851,0.0
1696149852,0.0
1696149853,0.0
1696149854,0.0
1696149855,0.0
1696149856,0.0
1696149857,0.0
1696149858,0.0
1696149859,0.0
1696149860,0.0
1696149861,0.0
1696149862,0.0
1696149863,0.0
1696149864,0.0
1696149865,0.0
1696149866,0.0
1696149867,0.0
1696149868,0.0
1696149869,0.0
1696149870,0.0
1696149871,0.0
1696149872,0.0
1696149873,0.0
1696149874,0.0
1696149875,0.0
1696149876,0.0
1696149877,0.0
1696149878,0.0
1696149879,0.0
1696149880,0.0
1696149881,0.0
1696149882,0.0
1696149883,0.0
1696149884,0.0
1696149885,0.0
1696149886,0.0
1696149887,0.0
1696149888,0.0
1696149889,0.0
1696149890,0.0
1696149891,0.0
1696149892,0.0
1696149893,0.0
1696149894,0.0
1696149895,0.0
1696149896,0.0
1696149897,0.0
1696149898,0.0
1696149899,0.770372410336408


1696147200,507.7415801099927
1696147210,154.16081304161952
1696147220,156.9579009434709
1696147230,48.66398360554666
1696147240,461.48120678424954
1696147250,118.04048578284855
1696147260,103.80036850501861
1696147270,120.308497088168
1696147280,94.97301408229978
1696147290,161.78469089737277
1696147300,256.46336009292355
1696147310,88.54807605485308
1696147320,229.8980829805467
1696147330,309.3185554362125
1696147340,55.23012734770552
1696147350,327.5318257664146
1696147360,219.40138563290395
1696147370,0.0
1696147380,495.78744664455047
1696147390,94.81335554615436
1696147400,193.62470814398387
1696147410,494.6353756757355
1696147420,424.4897406803278
1696147430,52.81466508545827
1696147440,92.20901709016057
1696147450,179.28346006527656
1696147460,112.64257733895857
1696147470,193.32336615463615
1696147480,287.552240048864
1696147490,18.021207819069588
1696147500,459.5973682849607
1696147510,33.3448730038446
1696147520,459.2806903522146
1696147530,432.1991792987828
1696147540,0.0
1696147550,416.091094145236
1696147560,287.69035152151446
1696147570,146.20821202464023
1696147580,203.21795213308343
1696147590,511.4183727167044
1696147600,254.18926383335634
1696147610,348.13653657819253
1696147620,278.8472968292505
1696147630,339.5985974816973
1696147640,218.12286259118338
1696147650,142.22762301486995
1696147660,243.3017511904758
1696147670,223.0470900934022
1696147680,337.35088912686496
1696147690,439.7609739920597
1696147700,449.83029566731216
1696147710,418.2735939325415
1696147720,98.13890691041993
1696147730,452.1523271086757
1696147740,412.942995267879
1696147750,97.58447394108242
1696147760,228.35990816635695
1696147770,16.528828874589816
1696147780,184.60511418626214
1696147790,38.90041752857344
1696147800,160.74330011851353
1696147810,279.5978537124099
1696147820,364.38699898372715
1696147830,477.50135168274727
1696147840,29.95258714773
1696147850,141.09455341627296
1696147860,21.45498417431772
1696147870,148.90148124925898
1696147880,129.7051838792496
1696147890,87.52480316229216
1696147900,301.86752086453254
1696147910,156.41542363053853
1696147920,434.2478898527347
1696147930,246.6723022408333
1696147940,218.36052578084485
1696147950,0.0
1696147960,217.91330004081428
1696147970,326.0145439450263
1696147980,41.212002790805556
1696147990,545.8617146192443
1696148000,29.597807456184768
1696148010,446.2437333289976
1696148020,479.345537558974
1696148030,347.0678842789102
1696148040,197.22624407166978
1696148050,55.78307682956481
1696148060,461.60201868908456
1696148070,208.60603911321587
1696148080,200.70186558717535
1696148090,458.39244579421796
1696148100,530.8820422755573
1696148110,588.6108784644439
1696148120,566.8290907058205
1696148130,625.6420874751469
1696148140,619.7710050613268
1696148150,577.9439484592297
1696148160,719.0114013086733
1696148170,760.5566533837783
1696148180,758.7837621675089
1696148190,702.0911844408739
1696148200,740.0144149211869
1696148210,748.8093221137951
1696148220,871.5869313817998
1696148230,924.2648781208934
1696148240,909.8270528189591
1696148250,963.3868584796754
1696148260,900.7353633480445
1696148270,979.167849083867
1696148280,931.1385422420751
1696148290,988.8003962186654
1696148300,1099.0804497183115
1696148310,1070.9243855145144
1696148320,1171.1305480739752
1696148330,1165.3167883396814
1696148340,1302.8972347236072
1696148350,1198.6217368935556
1696148360,1151.3705406423192
1696148370,1247.7216598120945
1696148380,1229.054699928967
1696148390,1353.8218198883653
1696148400,1334.819161686651
1696148410,1353.6139062236975
1696148420,1382.0282162499436
1696148430,1453.0092152068519
1696148440,1421.1264013076698
1696148450,1510.359341285522
1696148460,1551.5427485730959
1696148470,1509.9144431409493
1696148480,1508.4765364260827
1696148490,1556.887940120314
1696148500,1645.7990066357308
1696148510,1642.6748268105264
1696148520,1697.3119687784601
1696148530,1781.7124340790097
1696148540,1732.8705852265432
1696148550,1708.6333931252068
1696148560,1774.1940745224053
1696148570,1696.13360343783
1696148580,1709.4305797314325
1696148590,1691.3608104378584
1696148600,1562.3431397961945
1696148610,1651.6364362106922
1696148620,1600.0349653844846
1696148630,1496.8263101469918
1696148640,1514.4866461493225
1696148650,1484.367226089347
1696148660,1444.946103648195
1696148670,1459.5878737500846
1696148680,1460.1026521107028
1696148690,1360.84281571562
1696148700,1399.2642248617542
1696148710,1354.3729503729173
1696148720,1288.8202891410936
1696148730,1258.257188719451
1696148740,1164.0625354183958
1696148750,1118.8950457255996
1696148760,1174.427266675987
1696148770,1095.622342263613
1696148780,1108.6796424376626
1696148790,1056.1709738317015
1696148800,965.7219470597419
1696148810,1045.25466079016
1696148820,978.9055048083954
1696148830,975.8846920894923
1696148840,899.4614041655522
1696148850,899.6192168618384
1696148860,966.6217476727807
1696148870,867.2729520042524
1696148880,860.5668806383934
1696148890,741.7871344260197
1696148900,897.0251840240064
1696148910,841.9867354549716
1696148920,790.2304834710918
1696148930,735.7396691883121
1696148940,667.3011956056231
1696148950,660.8903939205284
1696148960,663.4303416615011
1696148970,551.8435284725298
1696148980,533.2897400199175
1696148990,444.3007206609118
1696149000,461.40904611216223
1696149010,169.71224656583058
1696149020,94.10687295739895
1696149030,276.686595991305
1696149040,348.96350163188606
1696149050,388.4279224411506
1696149060,173.26296105241227
1696149070,314.92706856902805
1696149080,0.0
1696149090,142.51736434911595
1696149100,181.0608138344232
1696149110,211.66989938166583
1696149120,276.4057497916409
1696149130,88.81519524358409
1696149140,190.2317524285778
1696149150,545.6447670166773
1696149160,319.22393951789496
1696149170,295.9326209925897
1696149180,375.24627158804594
1696149190,385.6711473050498
1696149200,263.46887088405686
1696149210,196.5999396823744
1696149220,456.27364360933905
1696149230,169.86772821116665
1696149240,391.3257972394133
1696149250,330.5941506362573
1696149260,332.57211898706555
1696149270,430.8061718942105
1696149280,168.604136808907
1696149290,367.9109717372578
1696149300,405.8689904037476
1696149310,327.1779751569057
1696149320,248.04475891847522
1696149330,355.29554326862734
1696149340,52.169259871627574
1696149350,459.77543725257476
1696149360,148.0635606218181
1696149370,48.117561293541975
1696149380,439.1389650952047
1696149390,444.37624937998356
1696149400,570.9194554607766
1696149410,277.4841151165058
1696149420,206.851531937961
1696149430,316.35424125816394
1696149440,360.83219295832845
1696149450,274.3235888495774
1696149460,205.31062522684243
1696149470,98.72416078261585
1696149480,102.18790810018916
1696149490,118.45537746639452
1696149500,20.38823271237071
1696149510,421.12116602155146
1696149520,410.83883049869434
1696149530,449.7552021631633
1696149540,459.78915974621435
1696149550,109.75592666174296
1696149560,286.71966121511144
1696149570,531.6788065745017
1696149580,40.48252904926028
1696149590,234.1021795475483
1696149600,91.70854913996442
1696149610,330.22753762178183
1696149620,408.8057756136668
1696149630,392.09271841884316
1696149640,115.28055248567027
1696149650,545.6576133775734
1696149660,60.57965175407766
1696149670,264.266450982003
1696149680,293.1022089872127
1696149690,406.77739036637826
1696149700,286.61055918007463
1696149710,358.88175522482345
1696149720,130.80439357786116
1696149730,108.92321623712981
1696149740,196.1927300722251
1696149750,425.0213327937394
1696149760,379.4637371034129
1696149770,282.9544494167909
1696149780,462.68368588741134
1696149790,391.1656059415559
1696149800,508.4119408786314
1696149810,135.57813488717784
1696149820,498.738956801672
1696149830,248.2827316460182
1696149840,201.97831796438982
1696149850,429.5869402126429
1696149860,482.2621707117336
1696149870,488.0057889961114
1696149880,409.17250992788365
1696149890,0.0
1696149900,408.5960078522683


1696147200,0.0
1696147210,1.3718556418856134
1696147220,0.0
1696147230,0.0
1696147240,0.2507241657624026
1696147250,0.5790933264660139
1696147260,0.12855843502813968
1696147270,0.15725644793158586
1696147280,0.6859310667748882
1696147290,0.08777664697741634
1696147300,0.8453557267777112
1696147310,0.33656275138698755
1696147320,0.0
1696147330,0.0
1696147340,0.636866810069778
1696147350,0.0
1696147360,0.0
1696147370,0.17275897194438314
1696147380,0.0
1696147390,0.0
1696147400,0.22646816326675473
1696147410,0.0
1696147420,0.1074694150473775
1696147430,0.0
1696147440,0.0
1696147450,0.7019793693296468
1696147460,0.0
1696147470,0.0
1696147480,0.0
1696147490,0.0
1696147500,0.051173841274833404
1696147510,1.7836953597259935
1696147520,0.0
1696147530,0.001968652215701387
1696147540,0.23887704971676355
1696147550,0.0
1696147560,0.0
1696147570,0.0
1696147580,0.16991048209332188
1696147590,0.9963099250277135
1696147600,0.383648419353202
1696147610,0.0
1696147620,0.0
1696147630,0.38657042794462443
1696147640,0.0
1696147650,1.6920078594663392
1696147660,1.702602652939094
1696147670,0.6961628767459515
1696147680,0.5596795907351153
1696147690,0.03844747429228571
1696147700,0.0
1696147710,0.4615813041709764
1696147720,0.853302476839231
1696147730,0.4367947078176896
1696147740,0.004572172870068682
1696147750,0.0
1696147760,0.3245433663145531
1696147770,0.0
1696147780,0.26816801619103264
1696147790,0.0
1696147800,0.3102741079808676
1696147810,0.9195313115684683
1696147820,0.0
1696147830,0.0
1696147840,0.0
1696147850,0.27806089926698263
1696147860,0.521930305459329
1696147870,0.26322408066734787
1696147880,0.6819432622085526
1696147890,1.2695813581346662
1696147900,0.0
1696147910,0.0
1696147920,0.0
1696147930,0.5953636280568201
1696147940,0.6496984071322437
1696147950,0.0
1696147960,0.3088204227555725
1696147970,0.6085353984900551
1696147980,0.11314413474943741
1696147990,0.4237007162883194
1696148000,0.08741650599573567
1696148010,0.0
1696148020,0.5246736961604328
1696148030,0.6625528307571005
1696148040,0.3672505324400228
1696148050,0.0
1696148060,0.0
1696148070,0.0
1696148080,0.3849886799653967
1696148090,0.634194761201951
1696148100,13.118490829071211
1696148110,25.682725879178108
1696148120,24.083841908139526
1696148130,20.167932581524905
1696148140,16.642982203274325
1696148150,12.13884027118169
1696148160,20.439336774095448
1696148170,19.76583492981114
1696148180,20.37595535315941
1696148190,19.925876553570134
1696148200,20.909739815163057
1696148210,19.475043634616203
1696148220,18.610590469857502
1696148230,19.182160459308918
1696148240,18.603549658231305
1696148250,19.45927965557895
1696148260,18.877311871315474
1696148270,18.673318114439596
1696148280,18.56552001245572
1696148290,18.883388799778466
1696148300,18.172619458540307
1696148310,18.673007656072496
1696148320,18.69290052670189
1696148330,17.88467627013409
1696148340,17.47835600073909
1696148350,17.570528835435063
1696148360,18.067698298342897
1696148370,17.644515297844514
1696148380,17.798945515277513
1696148390,18.25100896603667
1696148400,17.37064927526567
1696148410,16.73633615200597
1696148420,17.555148536040384
1696148430,16.93774939525706
1696148440,17.233924728255513
1696148450,17.216432605382202
1696148460,16.08946146902799
1696148470,17.145600003235398
1696148480,16.79279086503575
1696148490,15.923909882723255
1696148500,16.26371881280899
1696148510,16.125730182271663
1696148520,15.894724527922573
1696148530,16.204347799003898
1696148540,16.372701152672512
1696148550,15.54330835878411
1696148560,16.090728020307882
1696148570,15.805020845481941
1696148580,15.312699803226133
1696148590,15.170274369072137
1696148600,14.391533406124017
1696148610,14.103064079258482
1696148620,14.821591858824783
1696148630,14.196748184763479
1696148640,14.490526756566398
1696148650,14.128645640569221
1696148660,13.387360942912052
1696148670,14.345893650278663
1696148680,13.845607660523445
1696148690,13.978605103396845
1696148700,13.377577794219873
1696148710,13.542361491245162
1696148720,14.375592369417015
1696148730,13.545309982794162
1696148740,13.641454839198001
1696148750,12.616862947136694
1696148760,14.33244901317899
1696148770,13.945270097551072
1696148780,13.590913147774705
1696148790,13.209210575009333
1696148800,12.688031409244875
1696148810,12.787128962456356
1696148820,12.97573400992851
1696148830,12.023071448101229
1696148840,12.000739133637536
1696148850,11.274054510109906
1696148860,11.608343334684841
1696148870,12.710535922775342
1696148880,11.598393695804127
1696148890,11.492225972032065
1696148900,11.695665125413962
1696148910,10.616300139516186
1696148920,11.78073682205528
1696148930,11.826881588605978
1696148940,11.26795847755779
1696148950,11.790618021975378
1696148960,10.187158829575731
1696148970,11.658064795427647
1696148980,10.256468378844945
1696148990,9.867511397736251
1696149000,10.274407467672528
1696149010,11.214738472420063
1696149020,10.15464674564218
1696149030,9.58370417171946
1696149040,9.288160946668118
1696149050,9.768705115442886
1696149060,8.709415765945314
1696149070,8.942432314835465
1696149080,10.249694745469773
1696149090,10.025425007023895
1696149100,9.185219214086468
1696149110,8.902225085637097
1696149120,9.049944106325837
1696149130,10.080320303305621
1696149140,8.99444177737377
1696149150,9.132455294376461
1696149160,8.461989627888823
1696149170,8.479298878271226
1696149180,8.658064107014212
1696149190,8.283162356440751
1696149200,7.157058635192453
1696149210,8.631649691183561
1696149220,7.569444655367209
1696149230,8.818302498969047
1696149240,7.991700118451953
1696149250,7.569394253796886
1696149260,7.639203799936775
1696149270,7.250923469511349
1696149280,6.947588214674971
1696149290,7.180235912252056
1696149300,7.404564199110576
1696149310,6.615436275102805
1696149320,6.422214750880195
1696149330,6.441221196783202
1696149340,6.980603248072774
1696149350,7.116505008788658
1696149360,6.456869024936755
1696149370,6.452151319891427
1696149380,5.732276008149054
1696149390,6.371135945665818
1696149400,6.094259309830241
1696149410,5.348959009542007
1696149420,4.695819366447903
1696149430,4.865002304180914
1696149440,5.02631817613928
1696149450,5.827520383011319
1696149460,5.908613795965642
1696149470,4.798057154216886
1696149480,4.699490599476422
1696149490,4.91989198775635
1696149500,4.680785898214776
1696149510,5.025811869573248
1696149520,4.184382964700699
1696149530,4.8061806892928
1696149540,4.097628980375469
1696149550,4.52986091875232
1696149560,3.8529855159821675
1696149570,3.567590589580297
1696149580,4.715928934862515
1696149590,4.178015840124036
1696149600,2.6350119326910133
1696149610,3.193279910771714
1696149620,3.904760311464002
1696149630,2.589600799875998
1696149640,3.4589023831523615
1696149650,3.292723454033749
1696149660,2.495254297160938
1696149670,2.72605124699204
1696149680,1.5710830797078514
1696149690,3.386939896214394
1696149700,2.2328100672406213
1696149710,2.6748950314352586
1696149720,2.4655413603928853
1696149730,2.7231932676132145
1696149740,1.7132333540199873
1696149750,1.9174286051430447
1696149760,1.980704026594622
1696149770,2.0230524049106453
1696149780,2.049590962307911
1696149790,1.1193551117238358
1696149800,0.9115644392673321
1696149810,1.8093660279516728
1696149820,0.0
1696149830,1.6855908529150176
1696149840,0.6350447755135713
1696149850,0.6695576659646243
1696149860,0.21629996380774275
1696149870,0.41900570550795685
1696149880,0.9643047451743679
1696149890,0.5997993668239776
1696149900,0.3463432419002026


#metric=Data Backlog Size,type=gauge,service=database_sync_service,queue=regulatory_data_queue
1696147200,36.32940665703836
1696147210,36.32948550926359
1696147220,45.03874556651868
1696147230,41.13989131885511
1696147240,35.19919343799582
1696147250,40.059850310416465
1696147260,35.22828287032265
1696147270,35.21717837260596
1696147280,38.61612212905936
1696147290,28.264800037007916
1696147300,29.169477809216318
1696147310,34.75342516203417
1696147320,32.589528620085346
1696147330,38.96329695672945
1696147340,33.09290189256442
1696147350,30.6709188479804
1696147360,44.49331366480101
1696147370,36.369640548566295
1696147380,37.77834021055612
1696147390,30.61114976386394
1696147400,34.83941938273706
1696147410,37.98675724621094
1696147420,31.925954064748694
1696147430,39.25843582680626
1696147440,34.56923001286097
1696147450,36.05304845086768
1696147460,34.56410093447512
1696147470,46.35023954709972
1696147480,37.38918664137758
1696147490,32.37397730696236
1696147500,41.40457765924419
1696147510,31.59047413909662
1696147520,38.45715391117791
1696147530,28.04199607039009
1696147540,31.074923922790624
1696147550,38.39950829387862
1696147560,41.00076143436061
1696147570,38.277069272294945
1696147580,36.89856969603507
1696147590,36.00785382470843
1696147600,30.35288186003291
1696147610,33.99670292711286
1696147620,35.24162963522225
1696147630,42.531219007316054
1696147640,39.104361469652076
1696147650,28.98638173545946
1696147660,39.01054091885802
1696147670,35.60451667177294
1696147680,34.20285216437232
1696147690,40.391805768348064
1696147700,42.40575539098697
1696147710,41.92681733392805
1696147720,33.42336993944298
1696147730,35.968908991122035
1696147740,39.04502284984304
1696147750,42.13941584747344
1696147760,35.15260643416062
1696147770,36.56231832716156
1696147780,32.14044296085352
1696147790,31.708802256912367
1696147800,41.356457401841034
1696147810,43.967839105659365
1696147820,37.10815755198495
1696147830,42.273837114544065
1696147840,39.19089808068788
1696147850,34.35559380992814
1696147860,39.18974337996676
1696147870,44.84098192128535
1696147880,37.28194453393097
1696147890,44.96877197261381
1696147900,24.87175018222468
1696147910,41.40149226664612
1696147920,37.87208652539469
1696147930,36.017922271031885
1696147940,37.89472579335009
1696147950,27.908002161788563
1696147960,36.398959170965945
1696147970,39.1691725791882
1696147980,44.55212597625287
1696147990,34.96483402206681
1696148000,33.570932542197255
1696148010,35.04414444244066
1696148020,41.850557560107504
1696148030,39.03295652720232
1696148040,34.909649262217386
1696148050,39.91916208455025
1696148060,37.92026149406988
1696148070,42.1062754765968
1696148080,34.082151110024725
1696148090,35.880297376380554
1696148100,33.99705789987755
1696148110,41.17118345102659
1696148120,61.94239962496667
1696148130,74.09392683100322
1696148140,85.18461425102
1696148150,96.35330595837787
1696148160,103.00211028964905
1696148170,120.09957387530378
1696148180,132.79380382926075
1696148190,142.90652895995947
1696148200,158.3050593118535
1696148210,173.3402295528127
1696148220,192.77865197827782
1696148230,196.877982121659
1696148240,209.5964269850264
1696148250,220.3218355436344
1696148260,223.78374387045696
1696148270,245.19192512603843
1696148280,257.9284840014505
1696148290,281.7897464989973
1696148300,281.3552034890315
1696148310,296.04731398877504
1696148320,306.7522489009461
1696148330,313.6259102355763
1696148340,337.0476582234371
1696148350,347.4902098284686
1696148360,359.9979357499134
1696148370,364.15100355729294
1696148380,387.5760218759396
1696148390,386.42564999548546
1696148400,408.29707075317856
1696148410,428.3188649677806
1696148420,425.36095420961766
1696148430,439.7184510316582
1696148440,455.23684887111426
1696148450,464.6600553270667
1696148460,471.9505013640552
1696148470,492.0473540255589
1696148480,498.93590219742117
1696148490,518.6325315103129
1696148500,524.2620107741245
1696148510,548.4419271754625
1696148520,549.5558992025675
1696148530,564.0908768750758
1696148540,581.8648388190248
1696148550,584.365905615546
1696148560,603.6899682000839
1696148570,621.1954700500887
1696148580,619.5168769776479
1696148590,640.4440989255186
1696148600,653.1254482382585
1696148610,667.952191329083
1696148620,670.5762494588103
1696148630,682.4951219511297
1696148640,703.6638367743241
1696148650,714.9033403563955
1696148660,726.9999861870222
1696148670,739.7807854951739
1696148680,747.1707219793485
1696148690,763.8722043927008
1696148700,776.4842477092423
1696148710,783.9656740116237
1696148720,808.6775898917175
1696148730,814.3122325855129
1696148740,818.6347595262102
1696148750,839.8296927970406
1696148760,844.315042069358
1696148770,865.096493366296
1696148780,879.2007469563658
1696148790,882.0144972235997
1696148800,902.9030146477139
1696148810,912.5785239200213
1696148820,926.8641730599321
1696148830,944.3459007809884
1696148840,946.3772502307897
1696148850,956.255666551724
1696148860,967.9234823474106
1696148870,980.5974122492651
1696148880,996.4652634871078
1696148890,1010.7940156346798
1696148900,1022.8043572303346
1696148910,1037.7682332881793
1696148920,1046.1777758920855
1696148930,1065.416385725035
1696148940,1069.4840995141287
1696148950,1096.1397320527922
1696148960,1098.4000782762487
1696148970,1103.5982213889574
1696148980,1114.8916223982205
1696148990,1134.6721517142535
1696149000,1143.6015851534814
1696149010,1147.0308275856419
1696149020,1107.4882092764012
1696149030,1066.4792610406762
1696149040,1024.375749960907
1696149050,982.7809157278274
1696149060,949.5256944810509
1696149070,917.39713456058
1696149080,875.9259664874866
1696149090,830.5283306852223
1696149100,798.9569308191781
1696149110,761.5895232977981
1696149120,717.1075892408011
1696149130,683.7046814288399
1696149140,644.859661235263
1696149150,600.7043012959442
1696149160,569.525957436755
1696149170,532.1146552206504
1696149180,496.23675907347047
1696149190,457.71001076274985
1696149200,407.6457320625972
1696149210,371.3719729499823
1696149220,339.9635849521889
1696149230,301.5713160426796
1696149240,263.19110735592494
1696149250,240.83525751083351
1696149260,186.68677522511697
1696149270,151.0125606292069
1696149280,111.75426663043588
1696149290,71.91460292371427
1696149300,28.885601954310864
1696149310,3.645220804684193
1696149320,0.0
1696149330,0.0
1696149340,0.0
1696149350,0.39322980194462837
1696149360,11.116974621836611
1696149370,0.0
1696149380,3.296009714009084
1696149390,0.0
1696149400,0.0
1696149410,5.230074243009341
1696149420,0.30872775417689896
1696149430,0.0
1696149440,0.0
1696149450,3.2640109589993584
1696149460,0.0
1696149470,1.0396197010255586
1696149480,0.21887504056772603
1696149490,0.0
1696149500,10.29705736078359
1696149510,3.044622556810492
1696149520,0.0
1696149530,0.895513452942038
1696149540,0.0
1696149550,4.09411560140216
1696149560,0.0
1696149570,0.0
1696149580,2.4253818017074016
1696149590,4.1580985899550384
1696149600,0.0
1696149610,0.0
1696149620,0.0
1696149630,0.0
1696149640,8.47922465447025
1696149650,1.9450693367407395
1696149660,0.0
1696149670,4.4083598845517225
1696149680,10.192413224758118
1696149690,4.958783236860015
1696149700,0.0
1696149710,0.0
1696149720,6.084793367114422
1696149730,0.0
1696149740,2.1316013473513773
1696149750,3.720456760739632
1696149760,0.0
1696149770,0.0
1696149780,0.0
1696149790,0.0
1696149800,0.0
1696149810,0.0
1696149820,7.840238426303921
1696149830,0.0
1696149840,0.0
1696149850,0.6279283263028048
1696149860,6.922229830512638
1696149870,0.0
1696149880,5.586509431639592
1696149890,0.04914793105833525
1696149900,0.0
"