"#metric=Request Latency,type=gauge,service=支付业务前端,url=/payment/submit
1697796000,220.84695748463668
1697796010,341.39556809639305
1697796020,309.72995560254685
1697796030,477.15250787254513
1697796040,478.659566079002
1697796050,414.17997694184504
1697796060,486.6907454244222
1697796070,467.27814291375546
1697796080,468.10684410775923
1697796090,384.1033507553335
1697796100,232.93540417093578
1697796110,320.015703651123
1697796120,418.1192499157921
1697796130,298.1588747192481
1697796140,306.23152061797356
1697796150,373.5451520942928
1697796160,490.6328651820049
1697796170,242.97343179517142
1697796180,427.42440296764784
1697796190,437.7115081268963
1697796200,476.914056181726
1697796210,483.7641457776879
1697796220,399.776585179592
1697796230,346.0362300251949
1697796240,240.11956079289305
1697796250,387.9857675627671
1697796260,464.38156539491354
1697796270,461.6067249047291
1697796280,421.45283911514287
1697796290,232.30119062311678
1697796300,385.19672179045915
1697796310,287.60631076603886
1697796320,191.78737339022754
1697796330,292.6580530852385
1697796340,228.03822194911112
1697796350,464.54872846861394
1697796360,278.6110974426358
1697796370,258.30528251945793
1697796380,451.0833640829032
1697796390,323.4764580885692
1697796400,236.95790246065445
1697796410,291.45359521225095
1697796420,248.27167784422645
1697796430,212.74844240904656
1697796440,243.54407388198504
1697796450,1198.027930150254
1697796460,1042.880347642874
1697796470,1119.2810136889657
1697796480,1223.2769578255457
1697796490,1141.7796812740626
1697796500,1263.2590532998904
1697796510,1124.8388332804816
1697796520,1127.7037835917668
1697796530,1189.6820788248976
1697796540,1028.8008012457672
1697796550,1004.1979323038273
1697796560,1168.666591712251
1697796570,1147.2792731993682
1697796580,1233.6735499454658
1697796590,1304.0170402248696
1697796600,1090.8140382990118
1697796610,1206.424097798688
1697796620,1127.4560962532073
1697796630,1312.8720450212306
1697796640,1271.4471726640459
1697796650,1279.9504882010247
1697796660,1060.482948662513
1697796670,401.29883750964933
1697796680,240.60643782739106
1697796690,299.6685791099346
1697796700,477.3427500220259
1697796710,183.6979740608097
1697796720,466.75339897822727
1697796730,248.13581696877708
1697796740,437.9343824658986
1697796750,244.39091434329157
1697796760,322.5015116184872
1697796770,271.726984506554
1697796780,412.45243272770153
1697796790,327.24449320345303
1697796800,335.25496875798336
1697796810,233.03367485937105
1697796820,243.4622900400026
1697796830,215.17089077225458
1697796840,317.04659045060777
1697796850,452.67335394281764
1697796860,446.1690729375783
1697796870,268.58864465401365
1697796880,392.31166618822243
1697796890,440.8640559815817
1697796900,273.3131336966478


1697795100,75.49671415301123
1697795101,77.47494728052014
1697795102,80.84548080854468
1697795103,84.24845471578172
1697795104,84.93426270217167
1697795105,87.26586304305081
1697795106,91.27384412281921
1697795107,92.49569988812436
1697795108,93.1091462509999
1697795109,95.76798490295964
1697795110,96.1872174017985
1697795111,97.37290668749476
1697795112,99.01837517894488
1697795113,97.54040977368734
1697795114,98.13812955169381
1697795115,99.43771247075902
1697795116,98.85021626387241
1697795117,99.76793735094041
1697795118,97.86838883185763
1697795119,96.42633273972973
1697795120,98.11628386353253
1697795121,94.99964855888716
1697795122,93.64614884162278
1697795123,90.30351697275799
1697795124,89.15024858278665
1697795125,87.61092258970987
1697795126,84.0174224994727
1697795127,83.10112287771936
1697795128,79.59715358052517
1697795129,77.32151783189805
1697795130,74.39829338777062
1697795131,74.2390666028176
1697795132,69.78871050481808
1697795133,66.21686421167043
1697795134,65.65412883520818
1697795135,61.279156350028984
1697795136,60.514232287692934
1697795137,56.31206471714877
1697795138,55.09319331416672
1697795139,54.97143637649544
1697795140,54.08783148538445
1697795141,52.33273184012495
1697795142,51.107938810232916
1697795143,50.24520628606557
1697795144,48.65843062542574
1697795145,49.28015579160529
1697795146,49.67631384483337
1697795147,51.60343220787377
1697795148,51.56720538218962
1697795149,50.39832340357224
1697795150,53.67344887478383
1697795151,54.38949286021
1697795152,55.74445736275919
1697795153,58.883411129869415
1697795154,61.33636821518412
1697795155,63.4312801191162
1697795156,63.992366399882364
1697795157,66.9653627647751
1697795158,70.1334711609596
1697795159,73.36233354543103
1697795160,74.52082576215469
1697795161,77.4275526050275
1697795162,79.09145729643794
1697795163,81.529218235293
1697795164,85.98094189928919
1697795165,88.85624002857081
1697795166,89.62262118573149
1697795167,92.73179805686348
1697795168,93.94025666198249
1697795169,94.58030510476856
1697795170,97.01203070011938
1697795171,99.376673007531
1697795172,98.74058686826889
1697795173,101.01833367415914
1697795174,97.24330228011709
1697795175,100.82190250437522
1697795176,99.95009445244501
1697795177,99.15468266787927
1697795178,98.86817368391435
1697795179,95.85106752646412
1697795180,96.43096320677347
1697795181,95.58253743088544
1697795182,95.0565146816764
1697795183,91.2099949406978
1697795184,88.88613770441864
1697795185,86.99824295641547
1697795186,86.0838181945971
1697795187,83.05417596903337
1697795188,79.66803206667699
1697795189,78.12647901480467
1697795190,75.09707754934806
1697795191,73.35543340884155
1697795192,69.10015463567869
1697795193,66.94691299402855
1697795194,64.43947576997283
1697795195,61.03648505186786
1697795196,60.60148896975275
1697795197,58.53279011320846
1697795198,56.42649281970762
1697795199,54.53998800725117
1697795200,51.93399416333862
1697795201,51.740718236169634
1697795202,50.8808725760944
1697795203,49.744032712433246
1697795204,49.97566690412715
1697795205,50.404050856814536
1697795206,52.023138517003694
1697795207,50.7208877944867
1697795208,51.48113748334392
1697795209,52.086917643168796
1697795210,51.43059369009001
1697795211,54.74806126517709
1697795212,56.48160957300617
1697795213,60.73497695351382
1697795214,60.11300772790704
1697795215,62.80154734233361
1697795216,64.79687215339978
1697795217,66.10589710300677
1697795218,70.94503054407103
1697795219,73.13872145099542
1697795220,75.791031947043
1697795221,76.7038241268966
1697795222,81.60058658138006
1697795223,81.3235737965814
1697795224,85.75527317069525
1697795225,89.69045562580995
1697795226,88.70409498218113
1697795227,91.16196742936869
1697795228,93.67827200202247
1697795229,94.72194920525747
1697795230,95.09997166354482
1697795231,97.90719941587106
1697795232,97.71410919365273
1697795233,99.92728244898032
1697795234,98.94362314997302
1697795235,101.54993440501754
1697795236,99.0797940918706
1697795237,99.13162850213945
1697795238,99.5899301247485
1697795239,96.60777212463107
1697795240,96.8780950292151
1697795241,96.53256761365613
1697795242,91.97113740237363
1697795243,91.91289901750376
1697795244,89.95451410156026
1697795245,88.28182287177735
1697795246,83.93146536601695
1697795247,81.40496824628943
1697795248,80.71973383606088
1697795249,77.91019625492454
1697795250,75.25049285034589
1697795251,72.73323662780568
1697795252,69.12218300797755
1697795253,67.50682883778728
1697795254,65.12465639640371
1697795255,61.78564858197366
1697795256,62.17114320383294
1697795257,58.745567761940336
1697795258,55.23007586586249
1697795259,55.431128749260125
1697795260,52.37468323516173
1697795261,52.948448162677444
1697795262,52.38218267162857
1697795263,49.72562766330315
1697795264,51.1003287450375
1697795265,50.4127809269365
1697795266,50.95901277578766
1697795267,52.44310296430882
1697795268,50.97819897661829
1697795269,51.40762739457749
1697795270,52.45985047576352
1697795271,53.958764855660846
1697795272,56.34427765365101
1697795273,58.612886815845165
1697795274,60.582059492018175
1697795275,63.32718324903595
1697795276,64.84458581498284
1697795277,68.72810921778365
1697795278,69.53755089631811
1697795279,75.10695758489824
1697795280,75.62566734776499
1697795281,76.75605402527505
1697795282,79.12689977238288
1697795283,83.2078972746168
1697795284,84.9449532915691
1697795285,88.21400049409206
1697795286,90.16786893188535
1697795287,91.65543624631458
1697795288,92.73182691886645
1697795289,93.71057763468784
1697795290,96.20412014254397
1697795291,98.69503523538847
1697795292,98.99050665150905
1697795293,98.20795123963316
1697795294,100.03622831005801
1697795295,100.38531737972883
1697795296,98.9791899480057
1697795297,99.60741512429068
1697795298,98.83462162582484
1697795299,96.69566614323439
1697795300,97.00842245495924
1697795301,95.78620938574191
1697795302,94.66167188011016
1697795303,92.78206721100638
1697795304,88.31696193935475
1697795305,86.56217496008487
1697795306,85.68345134410374
1697795307,83.23921081028595
1697795308,80.71283995674999
1697795309,81.46594307234601
1697795310,75.57089051069319
1697795311,73.52235405848927
1697795312,70.7562094930492
1697795313,67.92596639193209
1697795314,64.5163146784647
1697795315,63.2589692204933
1697795316,59.53254347815062
1697795317,58.03491623428861
1697795318,55.9360158152361
1697795319,54.85644928001262
1697795320,55.664023472062524
1697795321,50.29409836634325
1697795322,51.90984728299568
1697795323,48.93359411046521
1697795324,49.66502075000373
1697795325,51.088950596967365
1697795326,50.201232634888626
1697795327,49.46856520372555
1697795328,50.50828338336118
1697795329,52.84096130786961
1697795330,52.6189982736719
1697795331,54.9910337302083
1697795332,56.466951202968986
1697795333,57.620134493422704
1697795334,62.44931278201347
1697795335,63.133919022318004
1697795336,62.80644133644739
1697795337,67.46102945539567
1697795338,69.14042126478758
1697795339,73.23922175310484
1697795340,74.20747926156719
1697795341,77.49847514022443
1697795342,80.70277954942443
1697795343,83.59118005354382
1697795344,83.96811966983918
1697795345,87.16549876415903
1697795346,89.21968599615086
1697795347,91.07493592639774
1697795348,95.3440748772159
1697795349,95.6304065703346
1697795350,95.3897511402759
1697795351,98.75649838811981
1697795352,100.89856910439146
1697795353,100.48615527889629
1697795354,98.34367741825282
1697795355,99.51576592713374
1697795356,101.12995853339346
1697795357,98.74602055272638
1697795358,99.22023233552507
1697795359,98.61327049449437
1697795360,95.72370462303292
1697795361,95.16589950331193
1697795362,90.33735329686576
1697795363,90.70387751763714
1697795364,89.44206315591869
1697795365,86.25221681803517
1697795366,86.80082738082663
1697795367,81.29528348141312
1697795368,79.75774778374705
1697795369,77.74395215897746
1697795370,76.44127328906615
1697795371,70.95092626712933
1697795372,70.96537148171097
1697795373,67.28480820164589
1697795374,63.85007527205702
1697795375,62.96210347426331
1697795376,60.50442838826166
1697795377,57.67151796386976
1697795378,56.49118144805516
1697795379,54.38926154376459
1697795380,53.46288225064031
1697795381,52.82349423345604
1697795382,52.809603908766526
1697795383,49.30849448282802
1697795384,52.26998599044943
1697795385,48.0479122004775
1697795386,49.985167520757585
1697795387,51.134627188139426
1697795388,51.504578960356184
1697795389,51.53866403911438
1697795390,53.14124265503172
1697795391,54.28157420596744
1697795392,55.83201460612089
1697795393,59.12133693804954
1697795394,60.6623841786532
1697795395,61.807090404739334
1697795396,65.73118379853825
1697795397,67.58187466150294
1697795398,70.61506984839492
1697795399,73.01641726023223
1697795400,74.1710049890779
1697795401,77.05303054149435
1697795402,80.94508587556716
1697795403,83.33579512480708
1697795404,85.14751448293079
1697795405,87.6173273833088
1697795406,90.9722962031003
1697795407,91.13669377013568
1697795408,94.12571801810483
1697795409,95.02323220693975
1697795410,96.43295389138372
1697795411,98.9374132930522
1697795412,99.60182925636686
1697795413,100.26719965434576
1697795414,101.16852619136117
1697795415,100.02100384163276
1697795416,100.54500035550178
1697795417,99.14342326175168
1697795418,99.10057925986727
1697795419,97.70849338669738
1697795420,96.74763105960372
1697795421,95.82058188481065
1697795422,92.76039995370142
1697795423,93.82065243465695
1697795424,88.68861392581215
1697795425,86.28581138721228
1697795426,86.32652695039508
1697795427,83.51708755333661
1697795428,80.82191208749629
1697795429,78.24155709095558
1697795430,74.98775322715322
1697795431,71.48953404682294
1697795432,69.87801228774966
1697795433,66.59741342911427
1697795434,65.80670365652264
1697795435,62.352942618497906
1697795436,59.47987149589569
1697795437,57.95034899937557
1697795438,56.834310817340764
1697795439,54.210850587822435
1697795440,52.52714450982259
1697795441,52.405050770426946
1697795442,51.46855366372992
1697795443,50.03936680628372
1697795444,49.665914310174855
1697795445,50.23204993735764
1697795446,48.68886827429584
1697795447,49.1388462072783
1697795448,50.50514287136872
1697795449,51.94791640722312
1697795450,53.660272470986946
1697795451,56.24993135757587
1697795452,57.27903898626706
1697795453,58.11179631106515
1697795454,60.28635248478553
1697795455,61.4974706353621
1697795456,64.81307078711268
1697795457,66.9859165017061
1697795458,70.12492628989403
1697795459,71.55955747475629
1697795460,75.51934651424114
1697795461,79.14595049469371
1697795462,80.08903212198713
1697795463,83.12713658147263
1697795464,85.85856006860614
1697795465,87.09877952811419
1697795466,89.91872378912214
1697795467,91.74085755975331
1697795468,93.67629673548362
1697795469,94.45241507551816
1697795470,96.67514526886988
1697795471,98.33663473231046
1697795472,100.22755651517387
1697795473,100.41296084443033
1697795474,102.0162298417184
1697795475,99.23265243711195
1697795476,100.73536802092751
1697795477,99.63703202408352
1697795478,100.9662158405965
1697795479,97.03033815570991
1697795480,95.81091325243014
1697795481,94.6260322139297
1697795482,91.4547249126251
1697795483,91.20251013729073
1697795484,88.93549864575816
1697795485,87.65039378647622
1697795486,85.51017205267217
1697795487,84.60159569858956
1697795488,81.1482161086302
1697795489,77.0363079260289
1697795490,74.10158532865177
1697795491,72.87870758981511
1697795492,68.48197452253548
1697795493,69.10603390648075
1697795494,66.01102404382634
1697795495,62.03082434789535
1697795496,58.592234163597325
1697795497,59.62560721519397
1697795498,56.30683951781254
1697795499,56.01239145259977
1697795500,51.75493724659466
1697795501,51.561988535981264
1697795502,51.22883079233933
1697795503,50.59329057541963
1697795504,49.686887144313935
1697795505,50.6228499323475
1697795506,49.06933218641057
1697795507,50.40393049663359
1697795508,51.34388272433304
1697795509,52.67580239299372
1697795510,54.06097978347791
1697795511,53.64993304878845
1697795512,54.887265192329416
1697795513,59.54941166292708
1697795514,60.637682704667654
1697795515,61.751513463443345
1697795516,66.38273589862759
1697795517,67.39024977491908
1697795518,70.98150491361994
1697795519,72.45430689971872
1697795520,77.06074792488195
1697795521,79.3685524241345
1697795522,79.9488281219649
1697795523,83.69699581032788
1697795524,85.81379202648016
1697795525,88.86863155753223
1697795526,88.72970784673176
1697795527,92.41431661896993
1697795528,94.63704512378438
1697795529,93.46668537295062
1697795530,95.46737658194516
1697795531,95.79940426330491
1697795532,98.50700607293427
1697795533,100.17123227414109
1697795534,101.36540443630284
1697795535,100.07409478041977
1697795536,101.49166292977814
1697795537,98.07358856013023
1697795538,97.07303046802367
1697795539,97.78308874216845
1697795540,97.03470054355024
1697795541,95.19273011127964
1697795542,91.51117853689504
1697795543,91.6391451194587
1697795544,88.39016180680701
1697795545,88.16967254883006
1697795546,85.53501432299186
1697795547,81.7855450730465
1697795548,79.68392535310727
1697795549,76.55399805980235
1697795550,74.93732090272695
1697795551,73.34193073880985
1697795552,68.81648168322057
1697795553,67.77862165614407
1697795554,64.30132630473261
1697795555,61.70712716773771
1697795556,60.198338332733655
1697795557,57.2364925186092
1697795558,55.86773005771809
1697795559,53.57669724803747
1697795560,55.314090038305416
1697795561,52.19662711090677
1697795562,50.52386158462856
1697795563,50.76028989238911
1697795564,50.02462456610233
1697795565,49.77903040046678
1697795566,50.75111931583659
1697795567,51.30381769170215
1697795568,50.693085945010615
1697795569,51.585545318290215
1697795570,53.07431320823738
1697795571,52.47265397589073
1697795572,54.9061883008666
1697795573,59.638609108473084
1697795574,61.950336406189344
1697795575,62.25096396044367
1697795576,65.40814088616067
1697795577,67.58582529516976
1697795578,72.88108853801118
1697795579,73.50636332974318
1697795580,74.872082408519
1697795581,76.65767114109087
1697795582,78.5913459501864
1697795583,82.9288884952409
1697795584,84.4120653316107
1697795585,86.0777462904022
1697795586,89.04805842306932
1697795587,90.64671715535697
1697795588,95.26576227200735
1697795589,96.10706461632309
1697795590,96.6426624532943
1697795591,99.31858057995508
1697795592,98.85378121502644
1697795593,98.59240581701687
1697795594,101.3861714614765
1697795595,100.53891004368465
1697795596,98.8258012298804
1697795597,99.26335134026152
1697795598,97.90079465399413
1697795599,96.45583671010067
1697795600,97.57681264214266
1697795601,97.13484149984387
1697795602,92.18005306311565
1697795603,92.29123439566209
1697795604,89.04398873819004
1697795605,87.01287461623534
1697795606,84.57602215265617
1697795607,81.86143408969404
1697795608,80.2463138983888
1697795609,76.78226146528046
1697795610,75.2704568257798
1697795611,72.33655030885964
1697795612,69.56325968268972
1697795613,66.36701147858464
1697795614,64.25481259253674
1697795615,63.25539122582581
1697795616,60.8062858803126
1697795617,57.29417959623002
1697795618,56.520711668494386
1697795619,55.52596226399811
1697795620,51.67995962426775
1697795621,52.7047237513149
1697795622,50.56096333367535
1697795623,51.11690865024804
1697795624,49.373693459250646
1697795625,48.19511789933548
1697795626,48.50941017791001
1697795627,50.59439492831623
1697795628,51.48330959434263
1697795629,51.25704693383056
1697795630,53.9879573641664
1697795631,53.11305507835724
1697795632,56.35529956441783
1697795633,57.06071864126597
1697795634,59.653532584885895
1697795635,62.54739867131646
1697795636,63.97117055782093
1697795637,66.89001959639656
1697795638,70.80850053877037
1697795639,71.80989654878545
1697795640,75.83569211206509
1697795641,76.48350472703369
1697795642,80.72759644835907
1697795643,84.16699348003158
1697795644,82.69677157676773
1697795645,86.70310474452954
1697795646,90.2717034344924
1697795647,91.52521977292837
1697795648,93.9497665103062
1697795649,94.62143967265781
1697795650,96.73722488208382
1697795651,97.68295920567292
1697795652,99.94419496903863
1697795653,99.70811086164632
1697795654,100.20065004628202
1697795655,99.58812303387754
1697795656,99.37544116013434
1697795657,99.0211318305255
1697795658,99.17086504975718
1697795659,97.41765196024474
1697795660,96.94040995150743
1697795661,97.30082565801918
1697795662,94.4497453403666
1697795663,91.40224162680367
1697795664,90.89584522947582
1697795665,87.09192462697848
1697795666,83.13029154171717
1697795667,81.7173385484563
1697795668,78.32700034941813
1697795669,77.2616980976502
1697795670,75.01841837918953
1697795671,74.06322573058408
1697795672,70.12913510332012
1697795673,67.05547461181754
1697795674,65.66098950428857
1697795675,60.28886469099218
1697795676,60.540983250796785
1697795677,59.042600034915544
1697795678,54.942793117285326
1697795679,55.91832918383325
1697795680,53.687861312883534
1697795681,51.746075645034175
1697795682,51.85636895872749
1697795683,52.81700283945925
1697795684,50.31881887085167
1697795685,50.248220586300334
1697795686,49.67759171625291
1697795687,49.69646561219005
1697795688,52.053922909165394
1697795689,51.30527973302609
1697795690,53.42093114260841
1697795691,54.29691769386119
1697795692,56.900359188811535
1697795693,58.605396946315366
1697795694,61.34290863694609
1697795695,61.98998360114514
1697795696,64.56170898781151
1697795697,66.2958114248439
1697795698,69.35791446947982
1697795699,72.76408891135362
1697795700,75.7569886166453
1697795701,76.69104625751366
1697795702,81.06739819054961
1697795703,84.08106271817863
1697795704,85.58185098011855
1697795705,89.37679581255809
1697795706,88.92084210820813
1697795707,90.48361045565994
1697795708,91.7999003880305
1697795709,96.7214691708628
1697795710,97.30500075096506
1697795711,97.78305177015454
1697795712,99.05638153369868
1697795713,98.32820097104673
1697795714,102.30879936382368
1697795715,100.12922118197523
1697795716,99.97244217881175
1697795717,100.17945664224386
1697795718,99.25742213911559
1697795719,98.0625204653442
1697795720,95.86016063916573
1697795721,95.69689321650974
1697795722,95.46064513340995
1697795723,93.0736852051265
1697795724,91.28781793395127
1697795725,86.98878432356885
1697795726,84.17881125663645
1697795727,82.59963793927406
1697795728,80.25351718273268
1697795729,78.70740310016228
1697795730,73.30753537028515
1697795731,73.91633873776924
1697795732,69.64419983097697
1697795733,66.84769407067884
1697795734,63.81947954784475
1697795735,60.84514332813445
1697795736,61.12853927664999
1697795737,58.34505280821712
1697795738,55.13141846332423
1697795739,53.47949636856281
1697795740,53.01358020609899
1697795741,53.8303850842243
1697795742,50.963995741257605
1697795743,49.04316702853678
1697795744,49.891209551707234
1697795745,49.72727643025233
1697795746,47.440065972851585
1697795747,50.49201511513703
1697795748,50.99265256241247
1697795749,52.85756992374837
1697795750,55.19832100033436
1697795751,55.90114017017405
1697795752,56.15249067251031
1697795753,57.16520893228687
1697795754,62.87872849593805
1697795755,62.55921843401452
1697795756,64.84551321501766
1697795757,67.25045005351637
1697795758,70.00029249032396
1697795759,72.24242800638446
1697795760,74.42633799311952
1697795761,77.06635264045107
1697795762,80.16503900022778
1697795763,82.18200008823972
1697795764,84.45557029421799
1697795765,87.60643022769176
1697795766,89.43965408989084
1697795767,93.23225814755405
1697795768,90.927650828542
1697795769,96.31693171129608
1697795770,97.89672028710855
1697795771,95.76524620865685
1697795772,98.43372531329847
1697795773,99.08224915234933
1697795774,98.455535689489
1697795775,99.22218331240913
1697795776,98.752471538741
1697795777,101.20596046176877
1697795778,99.7120913005264
1697795779,99.11019153605916
1697795780,97.37230715865418
1697795781,94.09637308815662
1697795782,93.05410037065526
1697795783,92.2176397201993
1697795784,88.47250349842008
1697795785,88.21299843017259
1697795786,84.92809067873675
1697795787,82.35060405182395
1697795788,80.90875223864766
1697795789,78.05747489317756
1697795790,74.63903383418072
1697795791,73.54611822167305
1697795792,68.72114440195625
1697795793,67.89051074757069
1697795794,65.42468518107347
1697795795,62.19045356068608
1697795796,60.631501714930344
1697795797,57.02062126464329
1697795798,57.345406382272074
1697795799,54.58967300418334
1697795800,52.826641884870185
1697795801,53.21037278477187
1697795802,50.5192434020784
1697795803,49.13784868529137
1697795804,48.5803234422693
1697795805,50.60600995134564
1697795806,48.85652326329689
1697795807,52.30110416363917
1697795808,49.14165768473747
1697795809,53.85781992722506
1697795810,53.56038237259154
1697795811,54.677862028755804
1697795812,55.8764602762563
1697795813,58.67087095538049
1697795814,60.267733990263196
1697795815,63.60330188201671
1697795816,64.94581157176691
1697795817,67.42487690208807
1697795818,69.43859551734207
1697795819,72.3298427945875
1697795820,75.30780176889199
1697795821,75.90304318903465
1697795822,78.84960684833787
1697795823,83.46868895339638
1697795824,85.33928151502293
1697795825,87.31601666364732
1697795826,89.71306524037723
1697795827,92.07584686433316
1697795828,93.03886095662553
1697795829,94.4471201339712
1697795830,96.84648034970868
1697795831,96.86026366345003
1697795832,99.18466566309323
1697795833,97.75110641410726
1697795834,100.8922030215325
1697795835,100.47259748241304
1697795836,100.11907711852072
1697795837,100.43638100229062
1697795838,100.44188735184147
1697795839,98.85300650608322
1697795840,94.8097608632794
1697795841,93.94584789263784
1697795842,92.95380205923925
1697795843,91.75435620918236
1697795844,90.21229032778102
1697795845,86.77425618684659
1697795846,85.35518284137213
1697795847,81.97004192702039
1697795848,79.58627446745204
1697795849,76.20655048484312
1697795850,74.07676675388907
1697795851,71.03510381269267
1697795852,68.82633447657864
1697795853,68.3282169372341
1697795854,63.88218503427331
1697795855,65.13238206483763
1697795856,60.79868659356898
1697795857,58.456570964723596
1697795858,55.56302158288408
1697795859,55.47488502003522
1697795860,52.77372707915118
1697795861,52.28337337358041
1697795862,53.78367163089001
1697795863,50.450250081930164
1697795864,51.28622594207885
1697795865,49.29682357487411
1697795866,50.10196412529619
1697795867,52.31711061729035
1697795868,50.59662003483337
1697795869,53.97381211693188
1697795870,54.057116840844486
1697795871,54.21210836473203
1697795872,57.05378710212065
1697795873,59.244289290655004
1697795874,60.927178654905376
1697795875,60.92977528010957
1697795876,64.10444674727984
1697795877,67.02705650507453
1697795878,69.72777430045605
1697795879,73.00746051585942
1697795880,75.177701000933
1697795881,76.27786722298134
1697795882,80.57799012145007
1697795883,83.33601060465732
1697795884,85.72820652482586
1697795885,88.58078072555476
1697795886,90.5285534618606
1697795887,92.18744523819977
1697795888,93.50845492547612
1697795889,93.56446392585762
1697795890,97.08025331374351
1697795891,98.0463241282281
1697795892,99.04799174457419
1697795893,98.17694144252482
1697795894,98.78199084379855
1697795895,101.0531528533329
1697795896,99.82349223035018
1697795897,100.13519071571777
1697795898,98.8047312835093
1697795899,97.86839258056091
1697795900,97.58891890058695
1697795901,94.70938013115628
1697795902,93.67474141387602
1697795903,91.26598987026635
1697795904,89.26013507987943
1697795905,87.19082787653157
1697795906,85.39054984852892
1697795907,82.24667623771008
1697795908,81.45354839601771
1697795909,76.71860427947202
1697795910,74.81312835583881
1697795911,71.94705736003465
1697795912,71.24918561390989
1697795913,67.47112991713801
1697795914,65.86342846257341
1697795915,61.01443962696311
1697795916,60.5724189585575
1697795917,59.161365636652036
1697795918,56.50366335234061
1697795919,55.84005551569169
1697795920,52.83207645528867
1697795921,53.5707109991207
1697795922,53.52248521624041
1697795923,50.1834714212152
1697795924,49.69145009439244
1697795925,51.4533844771177
1697795926,51.71652476152389
1697795927,50.02344995450153
1697795928,50.80340027552521
1697795929,51.87957895007452
1697795930,52.00491439435464
1697795931,53.85592319414199
1697795932,55.417238596313176
1697795933,57.50393727592454
1697795934,60.270683805301246
1697795935,62.73421473253638
1697795936,66.38208441591927
1697795937,66.2762210998874
1697795938,70.78653012803248
1697795939,72.17279957408306
1697795940,74.95053629034749
1697795941,78.28803107385787
1697795942,79.07507024888163
1697795943,83.1078346055577
1697795944,85.33486828510804
1697795945,87.99245126400814
1697795946,89.98379995121935
1697795947,94.18356529888236
1697795948,92.94088065268357
1697795949,94.6944279043717
1697795950,96.02749456818606
1697795951,97.28315932190479
1697795952,98.13902578007236
1697795953,100.64270654945264
1697795954,101.2835516321967
1697795955,99.42925370625052
1697795956,99.03069181110263
1697795957,99.92510557473159
1697795958,98.22418986309782
1697795959,98.4715682588206
1697795960,96.85355811546233
1697795961,93.70968074437653
1697795962,95.126125838265
1697795963,93.52414283206706
1697795964,89.08184261682752
1697795965,87.11229844006407
1697795966,85.45428146761996
1697795967,83.05988164936076
1697795968,80.85633654311718
1697795969,79.62341612045769
1697795970,74.82305277250595
1697795971,71.5884911737702
1697795972,68.4228885015418
1697795973,66.54364510068434
1697795974,64.79845695023114
1697795975,64.29455786351802
1697795976,59.78775739365193
1697795977,58.495522792667366
1697795978,56.40495646699255
1697795979,55.96296841407453
1697795980,55.876297331262585
1697795981,51.63049478601473
1697795982,50.73414765010299
1697795983,51.59047085872397
1697795984,50.81884410541949
1697795985,51.846707325736034
1697795986,50.720880801119115
1697795987,50.18701789086786
1697795988,51.81424192331344
1697795989,53.270067139517856
1697795990,54.169847086586365
1697795991,55.28184917173358
1697795992,57.48805405265428
1697795993,59.4410304314742
1697795994,61.68752768372541
1697795995,63.14870988758965
1697795996,64.66446584278816
1697795997,67.42128882705934
1697795998,71.00871669606443
1697795999,71.5698527473215
1697796000,75.36867330887263
1697796001,377.21987276936375
1697796002,378.7302808511836
1697796003,381.0188268467312
1697796004,380.8930970258335
1697796005,381.60603854018257
1697796006,380.92774877483185
1697796007,383.608178789551
1697796008,383.90572969534577
1697796009,385.62551132837626
1697796010,383.1421014095879
1697796011,383.4266141189431
1697796012,382.9713409771347
1697796013,383.5605033733832
1697796014,380.8879908650409
1697796015,379.99716749755487
1697796016,378.79398979248924
1697796017,376.5752030574922
1697796018,373.8836646132655
1697796019,372.21208201533193
1697796020,370.53614718494015
1697796021,365.65013497075046
1697796022,363.8089470869616
1697796023,359.778384932991
1697796024,358.29952110828606
1697796025,352.0529441103634
1697796026,349.3585650050023
1697796027,346.5312660106068
1697796028,343.8780898060885
1697796029,338.3549319402603
1697796030,333.9514884065294
1697796031,332.4803384152664
1697796032,325.278747074224
1697796033,320.7189058738698
1697796034,319.6397095995332
1697796035,315.0973907545626
1697796036,311.12124210631976
1697796037,309.56115471170955
1697796038,305.9964652324743
1697796039,302.2982366928983
1697796040,298.9194579235237
1697796041,298.6530468106098
1697796042,296.26798319400416
1697796043,293.6224079089316
1697796044,293.94602166503887
1697796045,289.6855546224174
1697796046,288.1662930726816
1697796047,288.21448266277383
1697796048,288.34925596488625
1697796049,288.3930613282236
1697796050,287.9194903200932
1697796051,288.76686545856194
1697796052,287.64478932719885
1697796053,291.0309751861718
1697796054,290.38500250705215
1697796055,292.63114413264395
1697796056,293.04594623697307
1697796057,294.4664507964976
1697796058,295.9762513056029
1697796059,297.31356725189545
1697796060,299.0021989996399
1697796061,301.18783031633905
1697796062,301.53132575763374
1697796063,303.4685154842489
1697796064,304.01534266332476
1697796065,306.78482833755675
1697796066,305.7764450978742
1697796067,309.2063256214599
1697796068,308.13988859205847
1697796069,307.3257465860386
1697796070,309.2448455498616
1697796071,308.5640116992042
1697796072,309.96908941893935
1697796073,308.103963860352
1697796074,307.6758592143857
1697796075,305.3307584602609
1697796076,305.5975247022495
1697796077,302.18823345542296
1697796078,301.3277009452695
1697796079,301.7161134466586
1697796080,299.5404470279222
1697796081,296.74689623185054
1697796082,292.7046877513478
1697796083,290.77562884372537
1697796084,287.79311297971617
1697796085,283.4556812553245
1697796086,282.80274991761644
1697796087,278.7555155669444
1697796088,274.1562282200248
1697796089,270.85102374562865
1697796090,267.45566561764315
1697796091,261.63349903641637
1697796092,259.88942073150423
1697796093,255.97768454470628
1697796094,252.27049547010228
1697796095,249.71958019192454
1697796096,248.66857215904395
1697796097,244.54759524413774
1697796098,240.5593594025678
1697796099,239.13507617730744
1697796100,237.61999253086793
1697796101,235.0451951556377
1697796102,232.33489009065354
1697796103,230.04804684762908
1697796104,230.08535431487797
1697796105,228.74964977648006
1697796106,228.4987551458654
1697796107,227.76297268684337
1697796108,227.97392685137856
1697796109,226.45060405957125
1697796110,228.61929397297723
1697796111,228.05711785946448
1697796112,230.71831859462117
1697796113,228.9452661775834
1697796114,232.54937652311523
1697796115,232.35554239332376
1697796116,232.99162656157728
1697796117,234.76019927619262
1697796118,236.6136189650136
1697796119,239.10913978506278
1697796120,240.99160524838453
1697796121,241.68300240596045
1697796122,243.99576567009558
1697796123,247.8729559403356
1697796124,249.0882278397905
1697796125,249.31965494807622
1697796126,250.31106334117726
1697796127,251.62583678775874
1697796128,253.1727851049357
1697796129,252.39035950708973
1697796130,253.7920211891654
1697796131,252.7837853954922
1697796132,255.00825480609853
1697796133,255.15628630555756
1697796134,253.66191923389704
1697796135,255.08656009925278
1697796136,251.38420790346925
1697796137,249.9744128478122
1697796138,250.22793359838647
1697796139,249.35855546349381
1697796140,248.0568971816098
1697796141,243.74213173392758
1697796142,242.88987374720864
1697796143,239.1830159277605
1697796144,236.2796375462707
1697796145,234.4093367254781
1697796146,231.11810964191739
1697796147,225.7217297294504
1697796148,225.52597031263798
1697796149,222.12747759214932
1697796150,216.7947272804644
1697796151,214.49255777405068
1697796152,211.29942233499997
1697796153,207.83517700942312
1697796154,203.88145806155373
1697796155,200.73229712543048
1697796156,198.49094892138658
1697796157,196.96626725185504
1697796158,193.8008900533514
1697796159,190.557399393247
1697796160,189.59543409281505
1697796161,184.1115101734714
1697796162,186.4987307608003
1697796163,182.2640160697591
1697796164,182.56630988279537
1697796165,181.00982645717363
1697796166,180.31276887955698
1697796167,182.52192266549406
1697796168,180.91823032120647
1697796169,182.02102446938952
1697796170,182.16965178973163
1697796171,183.47609555246754
1697796172,184.08315857880748
1697796173,183.93736731216447
1697796174,187.6171013003318
1697796175,187.69170819113023
1697796176,188.3336079279976
1697796177,191.28133348413468
1697796178,195.1172195039051
1697796179,196.43373598612567
1697796180,197.23362745784658
1697796181,199.23485179955253
1697796182,201.23872275013215
1697796183,205.55944005302524
1697796184,205.70533935637184
1697796185,207.4857539725453
1697796186,209.6843404838415
1697796187,210.333167429478
1697796188,211.09533815056966
1697796189,212.21742561784504
1697796190,213.1829051057228
1697796191,213.8237212409054
1697796192,214.94768581690937
1697796193,214.37350169668608
1697796194,214.89064738322355
1697796195,213.64419485091105
1697796196,213.09938864346998
1697796197,210.04881898923293
1697796198,211.72450866307966
1697796199,209.65813222357667
1697796200,208.5656785676884
1697796201,202.6930018326128
1697796202,205.48038578292028
1697796203,200.8543694022734
1697796204,199.52354307379653
1697796205,194.63857612479805
1697796206,193.42012960374348
1697796207,188.77409746694428
1697796208,186.1419375872337
1697796209,185.56364752319223
1697796210,180.31686341265674
1697796211,177.58554602483497
1697796212,175.13000365210405
1697796213,171.70700012761648
1697796214,168.4003592584146
1697796215,165.76751622807816
1697796216,165.0981108682248
1697796217,160.09277373747688
1697796218,157.99301417819396
1697796219,156.69017764865404
1697796220,154.81677292292943
1697796221,153.20971897391917
1697796222,151.2255819872447
1697796223,148.27099339148114
1697796224,150.14496781797084
1697796225,146.73759299389314
1697796226,147.8353282885371
1697796227,146.70201105831134
1697796228,147.58608514634554
1697796229,148.43583251412957
1697796230,149.13789745796498
1697796231,150.1875267085775
1697796232,152.55235170314774
1697796233,152.7711234073241
1697796234,153.6380106671915
1697796235,156.57416954793354
1697796236,158.6667483184356
1697796237,158.2305889058287
1697796238,162.12346164901908
1697796239,164.35434038063048
1697796240,165.51362275128292
1697796241,169.34718196866334
1697796242,169.9553365373851
1697796243,172.31018514181153
1697796244,174.00834854082484
1697796245,176.08462912478552
1697796246,176.72566631747628
1697796247,177.97598758063512
1697796248,182.42355441051518
1697796249,181.19372889277042
1697796250,182.04151518438567
1697796251,181.6366853855183
1697796252,183.66020562702533
1697796253,183.22680817486872
1697796254,186.17685138650018
1697796255,185.25930362285658
1697796256,183.00418750545128
1697796257,185.11731595964778
1697796258,182.75335348396246
1697796259,180.09503998448213
1697796260,176.32058867917124
1697796261,179.27590534216841
1697796262,173.5408086838512
1697796263,171.0288833274206
1697796264,171.2594987110927
1697796265,170.08034299609432
1697796266,166.29357662208344
1697796267,162.63251236937347
1697796268,159.73999924891808
1697796269,157.0203277145693
1697796270,153.92084094777965
1697796271,150.44005803604568
1697796272,147.2905971690558
1697796273,144.2102150987937
1697796274,140.69182213066176
1697796275,138.4514127889734
1697796276,134.46429061991682
1697796277,133.6469611321608
1697796278,130.52992819342313
1697796279,128.39357721291125
1697796280,127.87916996671117
1697796281,127.53245502776153
1697796282,125.75202063450138
1697796283,122.21879432406288
1697796284,122.02500851384556
1697796285,123.45497625709915
1697796286,121.30700418475746
1697796287,122.11435350478422
1697796288,123.20824839605183
1697796289,122.27134670870777
1697796290,124.17856337829392
1697796291,123.81163607384747
1697796292,125.84012088945917
1697796293,128.26239919409858
1697796294,128.0357724023554
1697796295,131.91812029397738
1697796296,133.44556423774486
1697796297,136.11837161018713
1697796298,137.9768240665615
1697796299,141.362725510114
1697796300,142.39980592180837
1697796301,144.12285408509493
1697796302,146.925277923061
1697796303,149.54171627622347
1697796304,151.15973160154914
1697796305,153.15415777686798
1697796306,154.2789566790749
1697796307,156.0260644362226
1697796308,156.81272271605752
1697796309,161.289332030654
1697796310,159.40033322609426
1697796311,160.8201233912919
1697796312,161.4148204341009
1697796313,163.389435755519
1697796314,162.29450165789967
1697796315,163.66129677977986
1697796316,161.29182256430877
1697796317,161.52521364203395
1697796318,159.42540378915834
1697796319,161.16146908910252
1697796320,156.3355952263446
1697796321,156.10420096799743
1697796322,154.4792639909367
1697796323,152.10834847896643
1697796324,149.17654478067982
1697796325,146.73978902535106
1697796326,144.28573011013273
1697796327,141.35729509581807
1697796328,139.64738277699337
1697796329,138.0177472705503
1697796330,132.34627705312107
1697796331,128.63195802495582
1697796332,127.0415423928445
1697796333,126.89597850873679
1697796334,120.78510674973018
1697796335,120.61323649706807
1697796336,118.17552335135196
1697796337,113.6303394111435
1697796338,112.62369202904186
1697796339,111.75882896165157
1697796340,108.05000587271704
1697796341,106.76284041465325
1697796342,105.17362203128283
1697796343,103.79129103609858
1697796344,103.47679128466083
1697796345,102.49590410668571
1697796346,103.62295161592189
1697796347,102.9616597415596
1697796348,104.37743309031386
1697796349,103.2615880978305
1697796350,106.0737418276467
1697796351,107.74028713736853
1697796352,106.29981640800855
1697796353,110.25925055779152
1697796354,112.88907363064371
1697796355,112.3902556289313
1697796356,117.3491911597837
1697796357,118.28503833057067
1697796358,119.43631417385336
1697796359,122.41907024076285
1697796360,125.39656261657169
1697796361,127.27888343957942
1697796362,130.07888523603688
1697796363,130.90099230710527
1697796364,134.18914941799028
1697796365,134.69401078325905
1697796366,137.94869848489625
1697796367,138.94842785005835
1697796368,140.7271412247806
1697796369,144.10674586666022
1697796370,145.14954148209932
1697796371,145.61892445606043
1697796372,144.61998294519276
1697796373,145.83907067904948
1697796374,147.54500804965807
1697796375,146.37881545817933
1697796376,148.18886697766712
1697796377,145.62403958480468
1697796378,144.51717985269815
1697796379,142.85106262777379
1697796380,141.87967651331354
1697796381,139.94354078978364
1697796382,138.9335221002653
1697796383,137.10908345440475
1697796384,133.1111916226527
1697796385,130.1508556855472
1697796386,127.09493776066017
1697796387,126.77787573137327
1697796388,122.42170631133294
1697796389,118.57150592205032
1697796390,118.28474560595905
1697796391,117.56200941169539
1697796392,112.26547982625652
1697796393,110.37059219139128
1697796394,106.96017926639732
1697796395,104.23816721132457
1697796396,102.85283884856261
1697796397,99.40223149010757
1697796398,97.90295591222339
1697796399,96.10490058047975
1697796400,93.48537070180078
1697796401,93.75399087945519
1697796402,91.44671604457753
1697796403,89.98716722280358
1697796404,90.66958346914838
1697796405,88.89817154224548
1697796406,89.76328672951135
1697796407,89.9378473295585
1697796408,91.51362740966026
1697796409,91.64467505534257
1697796410,92.13839493985525
1697796411,94.2128125161677
1697796412,96.23943758534165
1697796413,97.06573611582644
1697796414,98.36120848293018
1697796415,99.04389827916128
1697796416,101.43339850798893
1697796417,104.44841409584689
1697796418,106.48483157713004
1697796419,109.30595786055952
1697796420,111.97772302108693
1697796421,114.87983281194252
1697796422,116.68099577310925
1697796423,119.5833164332143
1697796424,121.42287735765221
1697796425,121.5340219870831
1697796426,124.58518639350862
1697796427,127.2353657589727
1697796428,127.8423030070846
1697796429,131.12180649590363
1697796430,133.3017970401924
1697796431,134.00264562481118
1697796432,133.33392722031215
1697796433,135.54195246661388
1697796434,134.43669522059253
1697796435,133.9161991021329
1697796436,133.33209082189495
1697796437,133.0636795239921
1697796438,132.13155618512457
1697796439,131.58407724863912
1697796440,130.2187775271347
1697796441,128.46941838822715
1697796442,127.0907163980269
1697796443,125.82910598841161
1697796444,123.39023971729247
1697796445,118.5978346790379
1697796446,115.03472053244192
1697796447,115.91827381135118
1697796448,110.92855252796298
1697796449,109.32599749357492
1697796450,105.60814908600429
1697796451,102.20457534928833
1697796452,101.8057335786469
1697796453,99.33887572735878
1697796454,95.40408388461735
1697796455,90.90261173278482
1697796456,90.59819677502216
1697796457,89.34880086109256
1697796458,85.47468642617608
1697796459,85.33787361657065
1697796460,83.5624730367071
1697796461,82.81830817537698
1697796462,81.27080765712108
1697796463,79.35161650866704
1697796464,80.96337931809717
1697796465,79.32354610828149
1697796466,79.44468129168827
1697796467,78.80176614944146
1697796468,79.82344959936756
1697796469,80.17485231405594
1697796470,81.93057948461497
1697796471,85.09703228543347
1697796472,83.51753018052091
1697796473,84.98424040204245
1697796474,89.96132913072577
1697796475,90.33489420626503
1697796476,92.06685794764377
1697796477,96.07965308112537
1697796478,96.82328606360316
1697796479,101.70170329510708
1697796480,103.02972954811902
1697796481,104.34068616036873
1697796482,109.43474916664448
1697796483,109.06429830804471
1697796484,112.72071312543002
1697796485,114.4757778182225
1697796486,117.53980830933662
1697796487,119.70082613040964
1697796488,119.88994890041778
1697796489,120.62026242762157
1697796490,123.12844770806934
1697796491,123.04899702112415
1697796492,126.54875878725547
1697796493,125.22071063962429
1697796494,125.00037854440458
1697796495,125.56013800633431
1697796496,123.76481817187026
1697796497,123.60504365749337
1697796498,124.97449316894819
1697796499,122.05473213464529
1697796500,120.3526595294529
1697796501,120.38757719907083
1697796502,119.2670041871859
1697796503,116.82769024190428
1697796504,114.94955265512871
1697796505,110.88108693628992
1697796506,107.7640992461699
1697796507,108.12446459709884
1697796508,103.65362821102191
1697796509,101.02229850243903
1697796510,99.87010973606515
1697796511,96.36751822805549
1697796512,93.56576512182819
1697796513,92.6309996185175
1697796514,87.2638201252757
1697796515,86.38850375525483
1697796516,83.20852865716819
1697796517,81.27252832674554
1697796518,80.56867166981584
1697796519,77.78842292251409
1697796520,76.28142380676955
1697796521,75.51594436054498
1697796522,73.02957552234518
1697796523,71.767463443233
1697796524,71.04248003056676
1697796525,69.87450225885468
1697796526,73.92508685600889
1697796527,71.06664028756302
1697796528,72.51802429161252
1697796529,73.29293112596189
1697796530,74.95837772508943
1697796531,76.78567627129453
1697796532,78.37150445099324
1697796533,78.67312392585576
1697796534,81.01805303888227
1697796535,83.55824754329221
1697796536,85.25494131532002
1697796537,89.45086696292984
1697796538,90.75954088008953
1697796539,93.4859480158864
1697796540,95.92559580093463
1697796541,98.94833926110181
1697796542,100.43991098312571
1697796543,101.38963492592313
1697796544,105.42958993076888
1697796545,106.6110694341287
1697796546,108.82987544096933
1697796547,111.8804160781645
1697796548,114.28510583952925
1697796549,114.61780050406048
1697796550,116.23395839056087
1697796551,118.7192097477124
1697796552,118.09987198749894
1697796553,121.04290364041768
1697796554,119.3213868342429
1697796555,117.03783866349012
1697796556,119.32123201221339
1697796557,118.44640061643545
1697796558,118.5848923707494
1697796559,116.93818196683512
1697796560,114.84664141040362
1697796561,112.2441454106498
1697796562,111.52162873142284
1697796563,108.93924242247381
1697796564,107.08552347954117
1697796565,105.97036121710254
1697796566,104.63091763007847
1697796567,100.82395249003113
1697796568,96.61746695857023
1697796569,95.58551403926181
1697796570,93.6369115085925
1697796571,89.13030177644086
1697796572,86.9349368991505
1697796573,84.46989141499574
1697796574,81.14162494963264
1697796575,80.1579584077979
1697796576,77.10926239521386
1697796577,75.53169613517619
1697796578,72.29032404620862
1697796579,71.00998062374777
1697796580,70.66145379162435
1697796581,68.29549642376534
1697796582,69.3751881243015
1697796583,66.48939275679733
1697796584,66.62284665143711
1697796585,67.1126970219799
1697796586,64.81799445667914
1697796587,64.80461261323325
1697796588,65.63714656997065
1697796589,69.28366628386706
1697796590,68.57812470437867
1697796591,73.034686210824
1697796592,71.48072993719741
1697796593,74.00196129604353
1697796594,77.31561941879025
1697796595,79.89708598773451
1697796596,82.20731770098769
1697796597,83.72079153068864
1697796598,85.98812132010788
1697796599,88.06554638458707
1697796600,90.78934920214255
1697796601,91.99814637572238
1697796602,94.2412196855542
1697796603,97.5095540301011
1697796604,99.71198210047518
1697796605,101.68713745927639
1697796606,104.95836513577163
1697796607,107.17826180536267
1697796608,108.08942638590487
1697796609,111.05342178868834
1697796610,109.78783957673629
1697796611,111.85265429912751
1697796612,112.19640681787448
1697796613,111.6534619672686
1697796614,113.77651925770556
1697796615,113.80459894884609
1697796616,115.23338564195305
1697796617,113.87227869761318
1697796618,111.47123625311502
1697796619,113.3433153287857
1697796620,111.45417252821262
1697796621,109.32228328091007
1697796622,106.79949210586533
1697796623,104.14911252433033
1697796624,102.63597667548764
1697796625,101.83589914561202
1697796626,100.23408246985146
1697796627,97.38400756347177
1697796628,92.7588689974488
1697796629,89.478433518992
1697796630,88.06096346096072
1697796631,83.47398711285774
1697796632,82.9168957415369
1697796633,79.85469487848158
1697796634,77.02978996546886
1697796635,73.50637630376733
1697796636,73.35720002473398
1697796637,70.21473053771842
1697796638,67.66493626764606
1697796639,64.25387420906483
1697796640,65.61180761316332
1697796641,66.16227634911476
1697796642,65.05251679853065
1697796643,62.19619770667802
1697796644,61.5813407025186
1697796645,62.45529173427119
1697796646,61.065301649471195
1697796647,62.71535151799387
1697796648,63.797728853037704
1697796649,65.13746531251527
1697796650,64.93978013609468
1697796651,66.2031637399662
1697796652,67.11764297532038
1697796653,68.9613738922541
1697796654,71.53797032589014
1697796655,74.26929362936828
1697796656,77.09022931813588
1697796657,77.75987323209864
1697796658,82.5270718265379
1697796659,83.29181963613065
1697796660,86.0990462198109
1697796661,87.93095012291536
1697796662,88.78331556108724
1697796663,94.56432238185674
1697796664,96.80547454718966
1697796665,98.06452196909503
1697796666,100.55337765056525
1697796667,102.9821358969721
1697796668,102.7004506434596
1697796669,105.32745949850697
1697796670,108.02296432151721
1697796671,107.10965324814899
1697796672,109.54278188597209
1697796673,108.51768589714332
1697796674,110.69808220204155
1697796675,110.28124972074434
1697796676,108.51335106180116
1697796677,110.8326657931821
1697796678,108.20511403428316
1697796679,107.1409870739226
1697796680,106.91337054348662
1697796681,106.38604319690012
1697796682,102.5248448425538
1697796683,101.70230512158538
1697796684,99.98636981809656
1697796685,98.00683608896952
1697796686,95.10964192890337
1697796687,92.07447925216292
1697796688,89.03782511937041
1697796689,87.31876106309568
1697796690,83.49928960079755
1697796691,78.98912884823486
1697796692,79.71495884054096
1697796693,77.60743858722319
1697796694,71.8505531154628
1697796695,70.82537849360801
1697796696,70.21307310064643
1697796697,69.5714536205658
1697796698,65.6383005995027
1697796699,63.1968338507626
1697796700,62.27109299527082
1697796701,62.59545500477883
1697796702,59.59165491674854
1697796703,58.71619230608255
1697796704,58.57854997984046
1697796705,57.926501942108885
1697796706,59.095165142520166
1697796707,60.962463200236606
1697796708,60.2942934625564
1697796709,60.61300818146745
1697796710,61.71814038937877
1697796711,61.828776228201406
1697796712,65.87890161509637
1697796713,66.72554505827102
1697796714,68.61398442435383
1697796715,74.13986367193483
1697796716,73.53496456373686
1697796717,74.88549356710521
1697796718,77.69685042240424
1697796719,81.81473325448019
1697796720,83.35147536334225
1697796721,84.37205033756176
1697796722,89.27325464893487
1697796723,90.17283483373919
1697796724,95.11679141828071
1697796725,96.61485101350617
1697796726,97.24203861255953
1697796727,100.9641368433749
1697796728,101.56165646368983
1697796729,103.95390172420197
1697796730,104.9717908680808
1697796731,104.78961841970055
1697796732,105.89131232001101
1697796733,108.20340465383433
1697796734,107.20952343721407
1697796735,107.23929252076232
1697796736,106.51274646167498
1697796737,107.44418153450687
1697796738,108.36809024364624
1697796739,104.26270413949348
1697796740,104.12909065003072
1697796741,104.05470335589116
1697796742,100.87904445598112
1697796743,99.52389393671726
1697796744,95.93887011367205
1697796745,95.19849745091527
1697796746,92.21520193993548
1697796747,90.9090056060659
1697796748,88.54712964263348
1697796749,87.32900616310172
1697796750,82.67032188751702
1697796751,79.76790849169382
1697796752,77.01672721389653
1697796753,73.90653096028493
1697796754,72.12035143715869
1697796755,69.1202175760288
1697796756,67.35495686153689
1697796757,66.43613980416451
1697796758,62.22749563080476
1697796759,62.69313425709199
1697796760,61.41135171774979
1697796761,58.75452658879362
1697796762,55.77949134342986
1697796763,56.582941681671635
1697796764,58.045261498447715
1697796765,56.5554722059796
1697796766,55.68318104281113
1697796767,56.55441974938107
1697796768,58.544608660178355
1697796769,59.15617753066335
1697796770,59.526353274566304
1697796771,60.7916716603248
1697796772,62.38170220705656
1697796773,63.669724513442006
1697796774,68.20962111327292
1697796775,68.43519035835317
1697796776,72.2750438060402
1697796777,74.99113874706268
1697796778,76.96486725613293
1697796779,78.08877191697137
1697796780,81.50674242508462
1697796781,83.66158940904123
1697796782,85.33637675710028
1697796783,89.0619344596007
1697796784,89.97154087943002
1697796785,94.64000781177288
1697796786,95.15265507146121
1697796787,97.82252658076357
1697796788,99.72561830672338
1697796789,100.80098430928498
1697796790,103.0426938069895
1697796791,103.14014331705872
1697796792,105.39531076972891
1697796793,103.82664462558182
1697796794,105.67983794748223
1697796795,107.60095893960374
1697796796,104.49650650800658
1697796797,104.38163684914002
1697796798,104.86805405385928
1697796799,103.5681324589505
1697796800,102.52349911709999
1697796801,101.20930365614174
1697796802,99.68062888309971
1697796803,98.27798357196815
1697796804,95.51733632946525
1697796805,92.64463182723246
1697796806,91.2000170240924
1697796807,89.95760578036686
1697796808,85.370862558015
1697796809,81.9179240017078
1697796810,81.35999206602499
1697796811,77.4931196462039
1697796812,72.83018223858222
1697796813,73.29670255238065
1697796814,69.44515251923221
1697796815,67.53268326994129
1697796816,65.73501342634762
1697796817,63.53447421661971
1697796818,62.17777297499342
1697796819,59.36085883763063
1697796820,58.859194588437866
1697796821,56.87361950187941
1697796822,56.90940322501736
1697796823,56.08400982355569
1697796824,54.099296036580895
1697796825,55.95933644875999
1697796826,54.45003754712886
1697796827,56.17923142671257
1697796828,56.391673944968204
1697796829,58.77640268708369
1697796830,57.87892970841344
1697796831,59.15458328996418
1697796832,61.10769709606365
1697796833,62.650822434188775
1697796834,65.7642250646618
1697796835,65.51936742873652
1697796836,68.39045900046436
1697796837,70.7963244890644
1697796838,75.31917710410423
1697796839,78.64128725280432
1697796840,79.41677352008927
1697796841,81.943062904645
1697796842,84.74408025427753
1697796843,88.34121366340763
1697796844,88.6727594728301
1697796845,92.14796233420508
1697796846,95.05742934997261
1697796847,96.59507649343595
1697796848,98.11214531286157
1697796849,100.5487485048744
1697796850,98.2481229053149
1697796851,102.79578193329564
1697796852,102.38026444792477
1697796853,101.85974784453784
1697796854,104.58981012364563
1697796855,105.56819349116444
1697796856,103.89921348526047
1697796857,104.55936319149194
1697796858,104.52077762175598
1697796859,103.26502848385859
1697796860,102.3815711331667
1697796861,100.03812005410589
1697796862,97.70431993837738
1697796863,94.15636422534789
1697796864,93.45853366502052
1697796865,90.64671846741693
1697796866,91.3094238233554
1697796867,86.49980329396523
1697796868,84.25155929912626
1697796869,82.07565541876374
1697796870,78.93505492070311
1697796871,77.95388323288329
1697796872,73.03229024307537
1697796873,71.30269889072416
1697796874,67.90350988998142
1697796875,64.97534965918136
1697796876,63.47004227451323
1697796877,61.99230563030283
1697796878,59.730943578847786
1697796879,57.80237292688535
1697796880,55.64471153934642
1697796881,55.761459957227
1697796882,53.383698643043196
1697796883,54.952919444319036
1697796884,53.847758606251034
1697796885,52.152718185952196
1697796886,53.420006928984385
1697796887,53.368500477901094
1697796888,55.09928137533153
1697796889,57.04059556088345
1697796890,54.99532424502603
1697796891,58.39317131089218
1697796892,59.74734252988783
1697796893,62.41178390371988
1697796894,63.96997404892251
1697796895,65.18222542341267
1697796896,67.9295966247925
1697796897,69.87857323022281
1697796898,74.26128112437692
1697796899,75.77429320985713
1697796900,80.25059487028764


1697795100,0.6179542782433846
1697795110,0.9959719603096912
1697795120,0.9014742283267329
1697795130,0.6336250865953309
1697795140,0.0
1697795150,0.3658639988003758
1697795160,0.32310474447103965
1697795170,1.0130763587509444
1697795180,0.4102155593509247
1697795190,0.5578366928632598
1697795200,0.0
1697795210,1.123905324148153
1697795220,1.0861205452812022
1697795230,0.2972363594895663
1697795240,0.3699320841995025
1697795250,0.009876291857558894
1697795260,0.3334146134451996
1697795270,0.2507822202889785
1697795280,0.277588868743464
1697795290,0.4669638498362211
1697795300,0.5639339930836176
1697795310,0.38137025478936865
1697795320,0.3997366492736173
1697795330,0.9132462751060401
1697795340,0.47482307024742526
1697795350,0.5038949079567039
1697795360,0.19276785093939805
1697795370,0.3216313132003863
1697795380,0.7878505690246571
1697795390,0.05484642561400231
1697795400,0.5800904884818752
1697795410,0.1456976459109596
1697795420,0.21311975657482723
1697795430,0.8583930907843994
1697795440,1.121041992055281
1697795450,1.0175115817857245
1697795460,0.23618542665229442
1697795470,0.0
1697795480,0.5816399629850325
1697795490,0.582174341812392
1697795500,0.14053400915499822
1697795510,0.6211918978314717
1697795520,0.3869760155758641
1697795530,0.9555111466678087
1697795540,0.09699260332194468
1697795550,0.8740069861264572
1697795560,0.321983247985338
1697795570,0.6945574527099014
1697795580,0.7599499881628273
1697795590,0.0
1697795600,1.2459855485989473
1697795610,0.9561572153524264
1697795620,0.8187180670672833
1697795630,0.9557171744018194
1697795640,0.6493414770071065
1697795650,0.9266605979162842
1697795660,0.26287529981439806
1697795670,0.48345412808585064
1697795680,0.04668856345866451
1697795690,0.5915065963576814
1697795700,0.5863178117903044
1697795710,0.3178082634091769
1697795720,0.8639736935623936
1697795730,0.12624025236158626
1697795740,0.0
1697795750,0.5757006427801161
1697795760,0.0
1697795770,0.7942697523461159
1697795780,0.0
1697795790,0.6291876356044179
1697795800,0.8437056776839842
1697795810,0.1158093204561941
1697795820,0.02156185963176532
1697795830,0.6368373737289895
1697795840,0.6398938943686704
1697795850,1.041083196267563
1697795860,0.7969805467001619
1697795870,0.18395992074662382
1697795880,0.10429136716906462
1697795890,0.5936762510036222
1697795900,1.2317861775397003
1697795910,0.8959852250178988
1697795920,0.4966512203736242
1697795930,0.06658700593799649
1697795940,0.3993971250890085
1697795950,0.5347872708257375
1697795960,0.6038922288429227
1697795970,0.5486577225113766
1697795980,0.5533862707582202
1697795990,0.31785110961059826
1697796000,1.8187421129995247
1697796010,1.3820368829366918
1697796020,1.7863248835772092
1697796030,1.3859097401404672
1697796040,2.56805694225361
1697796050,0.9843237815777982
1697796060,1.3604935913797416
1697796070,1.4026471938862706
1697796080,1.0296035217505528
1697796090,1.7156765784116819
1697796100,2.331395097051236
1697796110,1.4253261462918843
1697796120,1.0898706571361556
1697796130,0.8691460721958274
1697796140,1.6950119408086242
1697796150,2.134295751987622
1697796160,1.524818065332683
1697796170,1.3960827848036739
1697796180,2.1492947107514215
1697796190,2.1507838273115802
1697796200,1.8902912510853427
1697796210,2.538729931898088
1697796220,3.0745323510186156
1697796230,2.237131309701749
1697796240,1.9783484337778705
1697796250,2.62547876231822
1697796260,2.6695870940324453
1697796270,2.2764736085951767
1697796280,3.2492943831879884
1697796290,2.2951006667659213
1697796300,1.2172483742055331
1697796310,2.8859371570844226
1697796320,2.4622949547760844
1697796330,2.1618789594875176
1697796340,3.219587669041262
1697796350,2.58204273292801
1697796360,3.3689214352472314
1697796370,2.0164892970507244
1697796380,2.48403170920851
1697796390,3.7822989968833203
1697796400,3.0125677887832594
1697796410,2.1605924737649924
1697796420,2.6509736422286854
1697796430,2.8775134801439033
1697796440,3.206164937172799
1697796450,2.958233541590492
1697796460,2.949385304663038
1697796470,3.5935336242683835
1697796480,3.981638421711376
1697796490,3.446228351739981
1697796500,3.383336683940172
1697796510,3.268827748535557
1697796520,4.001867011461103
1697796530,3.814351495716839
1697796540,4.000405565582611
1697796550,2.8774406959001637
1697796560,3.229177802417651
1697796570,4.16477832777967
1697796580,3.7946105565645913
1697796590,5.016805398543083
1697796600,4.680013230971911
1697796610,4.730982528538159
1697796620,3.7794954934948697
1697796630,4.259456636890986
1697796640,4.209139005696003
1697796650,4.6777006846752
1697796660,5.41497664283587
1697796670,4.811883885902972
1697796680,4.649389821961669
1697796690,4.288133535222843
1697796700,4.778124275048495
1697796710,4.398315174164753
1697796720,5.159590416453623
1697796730,3.9137110673143196
1697796740,5.0014735278136815
1697796750,4.9921585873337735
1697796760,4.449266967297373
1697796770,4.645199308837377
1697796780,4.9399471068758345
1697796790,5.174228551933368
1697796800,5.6072524337137315
1697796810,4.983394637663649
1697796820,6.225292241463049
1697796830,6.4481141014552295
1697796840,5.289956945739546
1697796850,5.362363293344868
1697796860,4.945172386594429
1697796870,5.953408468711433
1697796880,6.186257043891656
1697796890,5.2251314229708425
1697796900,6.081299970733177


1697795100,151.15435433840892
1697795110,151.26759310454972
1697795120,152.82359624390185
1697795130,156.58653452963082
1697795140,154.92157911303113
1697795150,160.2524411638892
1697795160,160.09326029881166
1697795170,162.0915319509931
1697795180,163.0995251897298
1697795190,165.40265423321156
1697795200,168.37214539226434
1697795210,169.50119277225966
1697795220,170.8295186375904
1697795230,172.00743034558562
1697795240,172.02796816682246
1697795250,174.15586308648227
1697795260,176.15276197502908
1697795270,178.4173216279662
1697795280,179.45891527914253
1697795290,181.76657807264138
1697795300,182.61300787205454
1697795310,183.51088089588148
1697795320,187.00867982051707
1697795330,186.37321670198247
1697795340,186.72529907226135
1697795350,190.16218916243582
1697795360,190.6009492287495
1697795370,192.26693750899116
1697795380,191.34094669212257
1697795390,193.37871393430243
1697795400,191.84842073014957
1697795410,194.9313860538605
1697795420,194.78197835670426
1697795430,194.3222149266121
1697795440,197.39179313235735
1697795450,195.1744997142994
1697795460,195.64011929769347
1697795470,198.42556125572125
1697795480,199.0861338241266
1697795490,199.87790385670348
1697795500,199.98235066713985
1697795510,200.99006206250814
1697795520,200.4263377217761
1697795530,199.74590306904875
1697795540,199.89593023516287
1697795550,199.71777881101278
1697795560,200.26501887537796
1697795570,198.78085664442455
1697795580,200.06701696697263
1697795590,199.42698993024692
1697795600,199.5160228084978
1697795610,199.18610307166094
1697795620,196.06252171248408
1697795630,197.16179097825128
1697795640,197.44419715066883
1697795650,196.92914608099775
1697795660,196.61858203733905
1697795670,195.9796211724617
1697795680,196.45593563789222
1697795690,194.45983812404427
1697795700,192.98824648100552
1697795710,190.80328133528383
1697795720,190.08328851221023
1697795730,190.9863415287226
1697795740,190.46098449444656
1697795750,189.84359315286707
1697795760,186.329348194954
1697795770,185.66312558150162
1697795780,184.97525220903296
1697795790,185.50392923907316
1697795800,182.25424195254087
1697795810,182.3343366210159
1697795820,179.55923551753096
1697795830,179.1128903599658
1697795840,177.5225430582123
1697795850,175.16608813250815
1697795860,172.4531948920324
1697795870,171.6494629015249
1697795880,171.8258773276745
1697795890,169.60815483927573
1697795900,166.6673568395116
1697795910,165.108541080123
1697795920,162.0509946870844
1697795930,163.5404335719652
1697795940,161.28164810113412
1697795950,158.54533106230465
1697795960,157.1587894671767
1697795970,153.05555733525227
1697795980,153.00110919116355
1697795990,153.0794204759892
1697796000,150.98154737673008
1697796010,149.69683683304999
1697796020,148.71968027638104
1697796030,148.90331559964702
1697796040,147.2044042898901
1697796050,145.20845347601403
1697796060,146.26488298610482
1697796070,146.08480232487997
1697796080,146.22969878283695
1697796090,143.10795452075666
1697796100,143.88719263827622
1697796110,143.4165888966715
1697796120,141.89524927469623
1697796130,143.01356037991386
1697796140,142.8293454478728
1697796150,141.3759743586356
1697796160,143.336907174739
1697796170,140.60988370781791
1697796180,140.1640539146857
1697796190,139.8523659968596
1697796200,139.26734266460676
1697796210,139.31777752215658
1697796220,138.2774370522621
1697796230,139.39703271470972
1697796240,139.56689939582125
1697796250,137.19275313178807
1697796260,139.38640169607294
1697796270,139.59128436299457
1697796280,140.17382147404953
1697796290,141.02445248697677
1697796300,140.88341740871192
1697796310,139.67670107896254
1697796320,139.8794410683396
1697796330,141.56889818608647
1697796340,140.8713052131009
1697796350,140.67620383046986
1697796360,144.82131592864292
1697796370,142.73730204957798
1697796380,143.08091172573387
1697796390,142.23382324040108
1697796400,146.05545888621288
1697796410,145.0542162726805
1697796420,146.9691924578208
1697796430,148.868198421091
1697796440,147.94707899021003
1697796450,150.07948245181754
1697796460,152.66535717035015
1697796470,149.88727265236753
1697796480,152.79673271794044
1697796490,154.02649912357887
1697796500,156.12826278238475
1697796510,157.71149575260284
1697796520,158.20172883103137
1697796530,160.17143074585994
1697796540,161.6739492147895
1697796550,163.77569082664283
1697796560,166.08125222641397
1697796570,168.56662457357436
1697796580,170.5600731260325
1697796590,172.0618101739445
1697796600,172.49142235795964
1697796610,175.3720770496291
1697796620,179.8113396646292
1697796630,180.56368297393993
1697796640,181.2700688719015
1697796650,185.5020382492371
1697796660,185.78802286966618
1697796670,187.8090524592086
1697796680,192.2183689685342
1697796690,191.9004870587119
1697796700,193.72461971318245
1697796710,199.04709970066645
1697796720,200.63842831699256
1697796730,203.27883141611093
1697796740,205.364836171135
1697796750,208.09483996594926
1697796760,210.51275640231853
1697796770,213.0110052858473
1697796780,215.94792429050793
1697796790,218.6339968681645
1697796800,220.9592979515867
1697796810,224.00398108192078
1697796820,224.82648379859893
1697796830,230.810769643794
1697796840,233.3280020614285
1697796850,235.6771267286021
1697796860,238.83422489231202
1697796870,241.71382090642265
1697796880,243.56595229396717
1697796890,246.61133375154347
1697796900,250.52831660963037


2023-10-20 09:45:00,60.10375174257957,70.37817578464369
2023-10-20 09:45:10,61.717525749641474,69.98935333212944
2023-10-20 09:45:20,62.18799285680365,72.00153414734979
2023-10-20 09:45:30,62.50018928557318,70.94874437185857
2023-10-20 09:45:40,62.268728863302115,71.7728616130407
2023-10-20 09:45:50,62.93165954679791,72.94147693095324
2023-10-20 09:46:00,63.2147007655726,74.20163547247334
2023-10-20 09:46:10,64.28506653766856,74.12970873745691
2023-10-20 09:46:20,63.12349280926598,74.32611269505256
2023-10-20 09:46:30,64.52597294300426,75.42830468520813
2023-10-20 09:46:40,64.77068056540013,76.00165853427758
2023-10-20 09:46:50,64.23480886851048,75.33308277730237
2023-10-20 09:47:00,65.37147763413068,74.66118222529073
2023-10-20 09:47:10,64.28190776708503,74.64240711437535
2023-10-20 09:47:20,64.76979060568556,73.99169558295527
2023-10-20 09:47:30,65.72201573066673,74.38053573004922
2023-10-20 09:47:40,63.13455096305599,73.12525727504544
2023-10-20 09:47:50,63.39901614979146,73.74922367994974
2023-10-20 09:48:00,62.73519619264473,73.94171328428234
2023-10-20 09:48:10,62.046373474481264,72.70615360382597
2023-10-20 09:48:20,62.09022626394603,71.47552685653088
2023-10-20 09:48:30,61.59272300650302,71.30302716040468
2023-10-20 09:48:40,60.7346014433713,71.15904909130357
2023-10-20 09:48:50,59.289548090053756,70.43646494890994
2023-10-20 09:49:00,60.17736558511241,68.45856260012953
2023-10-20 09:49:10,57.40477768920071,68.54504747816281
2023-10-20 09:49:20,57.136327651553394,67.57359144103545
2023-10-20 09:49:30,57.14593838073282,67.46437036249448
2023-10-20 09:49:40,56.57140510727784,66.71851512461339
2023-10-20 09:49:50,56.30396827165577,64.87508552722417
2023-10-20 09:50:00,56.45994002861541,65.49586643792938
2023-10-20 09:50:10,55.30415526748326,65.46335990861421
2023-10-20 09:50:20,55.20538609872651,64.4313388850406
2023-10-20 09:50:30,54.73013249679651,65.31790152809162
2023-10-20 09:50:40,55.29721012413484,64.24103824404101
2023-10-20 09:50:50,54.91672197961379,64.67674171123043
2023-10-20 09:51:00,55.08518890799106,65.9153733783743
2023-10-20 09:51:10,55.77777134498605,65.06414087407202
2023-10-20 09:51:20,56.37227260076509,66.14179561682562
2023-10-20 09:51:30,55.18022259677609,65.40748901365868
2023-10-20 09:51:40,56.96645116390402,67.82671927994987
2023-10-20 09:51:50,57.2153020194952,67.19812685959035
2023-10-20 09:52:00,58.440125253451704,68.01397718809486
2023-10-20 09:52:10,58.49675192037775,68.71133161918948
2023-10-20 09:52:20,59.95466071178082,69.60791792736535
2023-10-20 09:52:30,59.66179348975798,69.24041000850691
2023-10-20 09:52:40,59.58070055098738,70.693197269382
2023-10-20 09:52:50,61.90398329942083,71.04880236619432
2023-10-20 09:53:00,61.61191073425626,71.18890460233986
2023-10-20 09:53:10,61.85947035279426,73.14315742123038
2023-10-20 09:53:20,63.22196475775466,73.0378515566329
2023-10-20 09:53:30,63.596134794371885,73.83698434019323
2023-10-20 09:53:40,64.5567403506477,74.23511057213923
2023-10-20 09:53:50,64.94017564140344,74.32654409530778
2023-10-20 09:54:00,64.80309280442046,75.74279625829116
2023-10-20 09:54:10,64.48163079410205,74.90040643874654
2023-10-20 09:54:20,65.14042476570762,74.21797797625715
2023-10-20 09:54:30,65.05520666690165,74.7724187967497
2023-10-20 09:54:40,65.1359469686148,75.10134744143603
2023-10-20 09:54:50,64.1985159159616,74.90221682751923
2023-10-20 09:55:00,64.12994058233842,73.78623655129132
2023-10-20 09:55:10,64.19474282620166,74.404795021706
2023-10-20 09:55:20,64.09695537991085,72.59185838785947
2023-10-20 09:55:30,63.421887265442166,73.51099386277058
2023-10-20 09:55:40,62.38838524950585,71.68768386936074
2023-10-20 09:55:50,61.46640320466777,71.596978107124
2023-10-20 09:56:00,61.24146873342845,71.57184279310214
2023-10-20 09:56:10,59.8030871500739,70.40858520316417
2023-10-20 09:56:20,59.24271691164893,70.05956689013615
2023-10-20 09:56:30,59.71532720214102,69.26977252576617
2023-10-20 09:56:40,58.49091652339512,68.93303359007395
2023-10-20 09:56:50,57.478878819184075,68.18374711152741
2023-10-20 09:57:00,57.475643080830274,66.83420158426941
2023-10-20 09:57:10,57.17019562962981,66.84317896460175
2023-10-20 09:57:20,55.83762745284357,65.29667030111752
2023-10-20 09:57:30,55.45616900985307,65.64092052740891
2023-10-20 09:57:40,55.087757840492564,65.77332309448533
2023-10-20 09:57:50,55.630446527977696,65.21544519574302
2023-10-20 09:58:00,55.5141692469187,65.25071038891717
2023-10-20 09:58:10,55.69599752555007,64.89640967692162
2023-10-20 09:58:20,55.580262709863376,65.64049595370653
2023-10-20 09:58:30,54.42860837880997,65.20450953166973
2023-10-20 09:58:40,55.646511928963264,65.27330467730214
2023-10-20 09:58:50,55.325619435801265,66.29807084350932
2023-10-20 09:59:00,56.02781868512732,65.5816959114308
2023-10-20 09:59:10,56.871359053357736,67.03657862332598
2023-10-20 09:59:20,57.76818637800892,66.8291612417204
2023-10-20 09:59:30,57.520895113395454,68.60528019924008
2023-10-20 09:59:40,57.4594533901888,68.4912995942916
2023-10-20 09:59:50,59.394399916102394,69.37162685560952
2023-10-20 10:00:00,61.32178579169928,70.20628519832206
2023-10-20 10:00:10,90.0,95.0
2023-10-20 10:00:20,90.0,95.0
2023-10-20 10:00:30,90.0,95.0
2023-10-20 10:00:40,90.0,95.0
2023-10-20 10:00:50,90.0,95.0
2023-10-20 10:01:00,90.0,95.0
2023-10-20 10:01:10,90.0,95.0
2023-10-20 10:01:20,90.0,95.0
2023-10-20 10:01:30,90.0,95.0
2023-10-20 10:01:40,90.0,95.0
2023-10-20 10:01:50,90.0,95.0
2023-10-20 10:02:00,90.0,95.0
2023-10-20 10:02:10,90.0,95.0
2023-10-20 10:02:20,90.0,95.0
2023-10-20 10:02:30,90.0,95.0
2023-10-20 10:02:40,90.0,95.0
2023-10-20 10:02:50,90.0,95.0
2023-10-20 10:03:00,90.0,95.0
2023-10-20 10:03:10,90.0,95.0
2023-10-20 10:03:20,90.0,95.0
2023-10-20 10:03:30,90.0,95.0
2023-10-20 10:03:40,90.0,95.0
2023-10-20 10:03:50,90.0,95.0
2023-10-20 10:04:00,90.0,95.0
2023-10-20 10:04:10,90.0,95.0
2023-10-20 10:04:20,90.0,95.0
2023-10-20 10:04:30,90.0,95.0
2023-10-20 10:04:40,90.0,95.0
2023-10-20 10:04:50,90.0,95.0
2023-10-20 10:05:00,90.0,95.0
2023-10-20 10:05:10,90.0,95.0
2023-10-20 10:05:20,90.0,95.0
2023-10-20 10:05:30,90.0,95.0
2023-10-20 10:05:40,90.0,95.0
2023-10-20 10:05:50,90.0,95.0
2023-10-20 10:06:00,90.0,95.0
2023-10-20 10:06:10,90.0,95.0
2023-10-20 10:06:20,90.0,95.0
2023-10-20 10:06:30,90.0,95.0
2023-10-20 10:06:40,90.0,95.0
2023-10-20 10:06:50,90.0,95.0
2023-10-20 10:07:00,90.0,95.0
2023-10-20 10:07:10,90.0,95.0
2023-10-20 10:07:20,90.0,95.0
2023-10-20 10:07:30,90.0,95.0
2023-10-20 10:07:40,90.0,95.0
2023-10-20 10:07:50,90.0,95.0
2023-10-20 10:08:00,90.0,95.0
2023-10-20 10:08:10,90.0,95.0
2023-10-20 10:08:20,90.0,95.0
2023-10-20 10:08:30,90.0,95.0
2023-10-20 10:08:40,90.0,95.0
2023-10-20 10:08:50,90.0,95.0
2023-10-20 10:09:00,90.0,95.0
2023-10-20 10:09:10,90.0,95.0
2023-10-20 10:09:20,90.0,95.0
2023-10-20 10:09:30,90.0,95.0
2023-10-20 10:09:40,90.0,95.0
2023-10-20 10:09:50,90.0,95.0
2023-10-20 10:10:00,90.0,95.0
2023-10-20 10:10:10,90.0,95.0
2023-10-20 10:10:20,90.0,95.0
2023-10-20 10:10:30,90.0,95.0
2023-10-20 10:10:40,90.0,95.0
2023-10-20 10:10:50,90.0,95.0
2023-10-20 10:11:00,90.0,95.0
2023-10-20 10:11:10,90.0,95.0
2023-10-20 10:11:20,90.0,95.0
2023-10-20 10:11:30,90.0,95.0
2023-10-20 10:11:40,90.0,95.0
2023-10-20 10:11:50,90.0,95.0
2023-10-20 10:12:00,90.0,95.0
2023-10-20 10:12:10,90.0,95.0
2023-10-20 10:12:20,90.0,95.0
2023-10-20 10:12:30,90.0,95.0
2023-10-20 10:12:40,90.0,95.0
2023-10-20 10:12:50,90.0,95.0
2023-10-20 10:13:00,90.0,95.0
2023-10-20 10:13:10,90.0,95.0
2023-10-20 10:13:20,90.0,95.0
2023-10-20 10:13:30,90.0,95.0
2023-10-20 10:13:40,90.0,95.0
2023-10-20 10:13:50,90.0,95.0
2023-10-20 10:14:00,90.0,95.0
2023-10-20 10:14:10,90.0,95.0
2023-10-20 10:14:20,90.0,95.0
2023-10-20 10:14:30,90.0,95.0
2023-10-20 10:14:40,90.0,95.0
2023-10-20 10:14:50,90.0,95.0
2023-10-20 10:15:00,90.0,95.0
"