"1696946400,49.67593182479103
1696946410,53.67742269656808
1696946420,56.85180613938194
1696946430,59.31411465494078
1696946440,62.74948903814022
1696946450,68.10988917746432
1696946460,68.7339602650928
1696946470,74.4522137895558
1696946480,77.39876992124086
1696946490,81.53163758697413
1696946500,84.18845361082946
1696946510,88.22430944801893
1696946520,90.63653550029888
1696946530,94.77838129072317
1696946540,98.76494594711626
1696946550,101.87500980230995
1696946560,105.55272063550498
1696946570,107.69276835572077
1696946580,111.47829095535651
1696946590,114.94390154009439
1696946600,118.68902748579255
1696946610,123.7723759730661
1696946620,125.50789020998154
1696946630,128.16678536782072
1696946640,133.30026637750578
1696946650,137.5535399831586
1696946660,138.39396056194076
1696946670,145.07625903058016
1696946680,146.96690074025412
1696946690,151.03389078906838
1696946700,150.0
1696946710,163.63636363636363
1696946720,177.27272727272728
1696946730,190.9090909090909
1696946740,204.54545454545456
1696946750,218.1818181818182
1696946760,231.8181818181818
1696946770,245.45454545454544
1696946780,259.0909090909091
1696946790,272.72727272727275
1696946800,286.3636363636364
1696946810,300.0
1696946820,300.0
1696946830,295.8333333333333
1696946840,291.6666666666667
1696946850,287.5
1696946860,283.3333333333333
1696946870,279.1666666666667
1696946880,275.0
1696946890,270.8333333333333
1696946900,266.6666666666667
1696946910,262.5
1696946920,258.3333333333333
1696946930,254.16666666666666
1696946940,250.0
1696946950,245.83333333333331
1696946960,241.66666666666666
1696946970,237.5
1696946980,233.33333333333331
1696946990,229.16666666666666
1696947000,225.0
1696947010,220.83333333333331
1696947020,216.66666666666666
1696947030,212.5
1696947040,208.33333333333331
1696947050,204.16666666666666
1696947060,200.0
1696947070,195.83333333333331
1696947080,191.66666666666666
1696947090,187.5
1696947100,183.33333333333331
1696947110,179.16666666666666
1696947120,175.0
1696947130,170.83333333333331
1696947140,166.66666666666666
1696947150,162.5
1696947160,158.33333333333331
1696947170,154.16666666666666
1696947180,150.0
1696947190,145.83333333333331
1696947200,141.66666666666666
1696947210,137.5
1696947220,133.33333333333331
1696947230,129.16666666666666
1696947240,125.0
1696947250,120.83333333333331
1696947260,116.66666666666666
1696947270,112.5
1696947280,108.33333333333331
1696947290,104.16666666666666
1696947300,100.0


1696947000,129.3414327008663
1696947001,121.99103928693498
1696947002,102.8657423216552
1696947003,131.96634817009297
1696947004,115.23755750842771
1696947005,134.48476304714038
1696947006,139.19749969871077
1696947007,95.90148216789692
1696947008,136.1184528667059
1696947009,119.10029308830504
1696947010,127.99942626190068
1696947011,130.2658308768104
1696947012,131.94172640132598
1696947013,163.1402660838851
1696947014,107.79644937878811
1696947015,103.1214989667657
1696947016,101.33197435165798
1696947017,163.79564556645533
1696947018,129.3437054311146
1696947019,149.83973247995246
1696947020,147.26821071397734
1696947021,134.183759677041
1696947022,171.2708404473845
1696947023,154.00256636986072
1696947024,154.08733253607053
1696947025,165.76853726591614
1696947026,177.7736981896329
1696947027,146.4031546272107
1696947028,185.24196631544459
1696947029,198.95731605279906
1696947030,143.58941118735711
1696947031,179.80366884657187
1696947032,170.2385560029067
1696947033,192.39367725593843
1696947034,156.11998725958463
1696947035,215.04738070431287
1696947036,152.29681446428748
1696947037,181.5251597002503
1696947038,197.0220783720764
1696947039,176.50345913677796
1696947040,175.22422935637644
1696947041,198.36644052000833
1696947042,197.27318934406716
1696947043,197.5992202319981
1696947044,216.3823175872877
1696947045,193.0122455689343
1696947046,208.95121835371492
1696947047,194.04895679438252
1696947048,188.77953616694668
1696947049,201.61903122402805
1696947050,198.84945885679346
1696947051,201.3212586477974
1696947052,235.03801739027583
1696947053,208.04466249878575
1696947054,201.22457180100463
1696947055,216.36056568966436
1696947056,219.15976283030707
1696947057,194.57335733027705
1696947058,213.53785128849006
1696947059,213.8861727639984
1696947060,218.32943282201254
1696947061,237.35362832507755
1696947062,226.60524965857903
1696947063,249.41706306056972
1696947064,225.56912761398416
1696947065,262.22539456987073
1696947066,218.34655813156914
1696947067,212.9861338615258
1696947068,240.09550901406053
1696947069,257.15977554741477
1696947070,202.98723455623391
1696947071,227.2650285162197
1696947072,219.58703394110972
1696947073,235.2137477141719
1696947074,233.0673157063615
1696947075,260.24095828588776
1696947076,231.58775026776667
1696947077,261.63018721151263
1696947078,228.16733278912008
1696947079,253.29003453816586
1696947080,239.58100565511728
1696947081,269.80917810511664
1696947082,205.8313804844547
1696947083,212.21133824074286
1696947084,272.1945040993699
1696947085,220.92723598143127
1696947086,222.18404534802102
1696947087,218.0105110695327
1696947088,258.3962869215514
1696947089,210.21835304425977
1696947090,235.55465987506858
1696947091,229.5696450325818
1696947092,255.34739950816675
1696947093,223.03732867552557
1696947094,242.2695445188933
1696947095,210.15244451893693
1696947096,278.62819268681267
1696947097,227.89044064197824
1696947098,232.35118317638438
1696947099,264.7257551813972
1696947100,219.31352933678411
1696947101,263.7729617637119
1696947102,221.5367024007756
1696947103,242.5038655252129
1696947104,216.88351033240667
1696947105,200.4476372012667
1696947106,235.05598992434304
1696947107,238.7229693078102
1696947108,198.73360943105416
1696947109,218.0027836314459
1696947110,247.21855066736646
1696947111,234.23257509140666
1696947112,213.3207457053771
1696947113,208.23804224086967
1696947114,258.08626376223106
1696947115,189.08553035093973
1696947116,215.71364446639404
1696947117,186.4484615009901
1696947118,240.85551536916114
1696947119,213.20632813095966
1696947120,215.67534025796934
1696947121,266.22698073877314
1696947122,197.6919236318288
1696947123,243.220864445737
1696947124,199.09917376026036
1696947125,200.8853064038576
1696947126,256.9388725425835
1696947127,199.55224041119715
1696947128,173.86497872147672
1696947129,205.54963825236683
1696947130,194.99670558201774
1696947131,204.31569770210973
1696947132,192.80716606857908
1696947133,238.27920816738794
1696947134,203.57693700613257
1696947135,169.4024068829784
1696947136,191.83856017936873
1696947137,171.7882744670747
1696947138,181.24804519975973
1696947139,166.4040505775069
1696947140,225.15576176811865
1696947141,167.5771058216747
1696947142,193.53927282260406
1696947143,171.69426997426416
1696947144,153.36505990497466
1696947145,178.85027682919997
1696947146,181.2705099638346
1696947147,182.7849159413549
1696947148,117.52096005987889
1696947149,143.61954993717612
1696947150,185.81776104710434
1696947151,146.54472987059958
1696947152,167.42687118883785
1696947153,136.56045414249297
1696947154,174.7086821543817
1696947155,177.06143448203503
1696947156,171.43820810035024
1696947157,175.8206111686086
1696947158,184.82335044860264
1696947159,128.4470525759147
1696947160,134.54650340630795
1696947161,166.67133995056588
1696947162,169.73540672026417
1696947163,132.06560331147938
1696947164,129.1079878879301
1696947165,129.3873640972285
1696947166,108.78921382304051
1696947167,113.9367938465592
1696947168,112.90835849759578
1696947169,130.47758298978812
1696947170,140.2986215646546
1696947171,142.09152747634016
1696947172,121.80968146043811
1696947173,120.87954305128517
1696947174,131.63119582618702
1696947175,97.85748663478927
1696947176,145.60833192657105
1696947177,150.7916927490524
1696947178,111.26034343301586
1696947179,114.5154756001368
1696947180,146.0877192676561
1696947181,117.52350113840899
1696947182,130.53901978009046
1696947183,115.74482648244887
1696947184,147.56186514837276
1696947185,125.11075415136636
1696947186,125.16507151218167
1696947187,124.47090783444628
1696947188,101.00601286572096
1696947189,101.83835451940814
1696947190,125.51487468790452
1696947191,111.71763991238562
1696947192,84.72978889951891
1696947193,144.8705205376894
1696947194,126.13066776574463
1696947195,106.51749370607232
1696947196,99.52617056174141
1696947197,108.23694863514726
1696947198,113.91760943294702
1696947199,62.248003714992855
1696947200,144.5333427001601
1696947201,85.90497914560855
1696947202,101.11930719488119
1696947203,101.34838385386387
1696947204,140.12096579384175
1696947205,97.99408852671712
1696947206,131.1393862837781
1696947207,107.15690080039715
1696947208,79.47854825113632
1696947209,101.14540122719687
1696947210,95.85750726951972
1696947211,76.36441832648646
1696947212,105.06042093190125
1696947213,98.25040555080068
1696947214,108.88165493296587
1696947215,101.60785107414128
1696947216,84.74921698684972
1696947217,113.21152058320025
1696947218,85.47368998751848
1696947219,36.12845274622011
1696947220,100.89864720003477
1696947221,87.49146175259202
1696947222,106.5066039117722
1696947223,139.17626282001953
1696947224,140.13228107103214
1696947225,96.6975415555632
1696947226,83.93607267203879
1696947227,112.67027151736148
1696947228,94.12614865317907
1696947229,109.96402229976619
1696947230,89.55281744085781
1696947231,108.46904485567391
1696947232,87.94439476894271
1696947233,128.64102016913438
1696947234,93.97172111207888
1696947235,119.85173508576328
1696947236,82.23565293786248
1696947237,124.098494352684
1696947238,90.13383971264795
1696947239,115.71380860850566
1696947240,132.02503450411103
1696947241,108.6738161162274
1696947242,93.24401839144772
1696947243,124.9586015538933
1696947244,99.43850130586344
1696947245,109.4494311406842
1696947246,124.1598812766459
1696947247,147.42012247599058
1696947248,122.13293137509012
1696947249,123.49314885918275
1696947250,139.25882860512422
1696947251,127.02656747296484
1696947252,140.27781144645647
1696947253,150.72299129469343
1696947254,124.21922497015849
1696947255,66.93142121756945
1696947256,117.76624410364877
1696947257,160.02651670634427
1696947258,136.9400467611346
1696947259,132.62900012737745
1696947260,164.57677287188022
1696947261,141.07663893326085
1696947262,103.14651236618104
1696947263,116.81651361738548
1696947264,157.25158315680255
1696947265,149.52689830999742
1696947266,181.9732913997961
1696947267,140.25889401571416
1696947268,150.80631784320414
1696947269,141.4055826081176
1696947270,150.80959121714363
1696947271,125.53500965092876
1696947272,157.83604068354384
1696947273,166.71327656003567
1696947274,167.24845999115107
1696947275,215.21328749687845
1696947276,211.16099080003477
1696947277,161.76351817990314
1696947278,138.2133037440109
1696947279,179.43806378486155
1696947280,191.30098290027678
1696947281,168.92764877602184
1696947282,172.301365386351
1696947283,222.57167243184688
1696947284,188.18452612545784
1696947285,209.00997094308667
1696947286,179.60181745957505
1696947287,199.5247643195331
1696947288,196.4042442108242
1696947289,192.1018926573131
1696947290,231.20372803754674
1696947291,182.81766168210055
1696947292,219.10203961639328
1696947293,208.51148625617103
1696947294,226.42983295095377
1696947295,213.82673213997862
1696947296,240.53163246070275
1696947297,206.92689608202565
1696947298,251.40794290503067
1696947299,230.21859300706478
1696947300,206.7632827530308
1696947301,249.47632888416987
1696947302,234.43279272478915
1696947303,206.78896009680705
1696947304,250.12825711951996
1696947305,266.14031618787493
1696947306,274.17603816363305
1696947307,243.48570964869023
1696947308,256.4721246670139
1696947309,257.082191647764
1696947310,288.3649994909808
1696947311,244.8475375858214
1696947312,254.24246633906122
1696947313,249.3086869836415
1696947314,239.4757247877449
1696947315,275.8574430585363
1696947316,305.35707575385453
1696947317,271.7764044507692
1696947318,260.50785617093845
1696947319,284.2665304676294
1696947320,294.6782501052553
1696947321,282.1173330744425
1696947322,315.6453356686874
1696947323,273.63792118179117
1696947324,286.43597467992424
1696947325,300.3642025413036
1696947326,304.55086487855846
1696947327,299.8605746771962
1696947328,275.5485342549691
1696947329,350.05380707479196
1696947330,300.72579359499184
1696947331,309.7763729690417
1696947332,322.00555544684624
1696947333,299.01229172187834
1696947334,314.92503326087046
1696947335,302.25814477170877
1696947336,326.0990587556868
1696947337,314.22365885800286
1696947338,327.0438607315959
1696947339,302.63278247909574
1696947340,308.8472649787264
1696947341,299.95224758359507
1696947342,314.8407226910548
1696947343,279.3433053030657
1696947344,326.39987657755194
1696947345,323.55022733156954
1696947346,338.91091796364947
1696947347,338.40650078191794
1696947348,364.24105458648955
1696947349,392.53374082264395
1696947350,364.9088761970121
1696947351,334.5685162168846
1696947352,335.1969873733681
1696947353,363.8333257599445
1696947354,314.1491446884786
1696947355,342.82826501876826
1696947356,345.64547868019514
1696947357,363.326944951868
1696947358,365.1166369831159
1696947359,339.10198177144304
1696947360,346.8181983954117
1696947361,365.07847929430534
1696947362,341.2267324502795
1696947363,382.3140181416821
1696947364,371.3191727338986
1696947365,363.4671732594996
1696947366,368.7142037051539
1696947367,352.3729024793456
1696947368,349.95696040810196
1696947369,354.7170258086733
1696947370,373.8959678264688
1696947371,368.55847442801235
1696947372,356.6817169823062
1696947373,380.6816956538167
1696947374,362.72136212298363
1696947375,352.8004517548833
1696947376,372.1760096445661
1696947377,347.20724833298465
1696947378,334.0581978441131
1696947379,367.99163885808963
1696947380,355.1928025514986
1696947381,363.46171641138415
1696947382,349.37035271118765
1696947383,393.0004687233241
1696947384,355.66553686097274
1696947385,360.2858836210754
1696947386,376.47111119453626
1696947387,341.32603014640944
1696947388,339.7497056592362
1696947389,376.23989535596394
1696947390,359.5400323536053
1696947391,350.1855126636427
1696947392,380.01788463035774
1696947393,351.40588207333195
1696947394,361.8071802789826
1696947395,348.9874919603654
1696947396,372.5514489715984
1696947397,392.6571443227213
1696947398,328.2884482253681
1696947399,367.21715511273266
1696947400,381.5120869939486
1696947401,355.3290932921574
1696947402,340.47861173095043
1696947403,370.82250572466916
1696947404,381.70354653646797
1696947405,378.7121429904041
1696947406,367.4156230051606
1696947407,361.2165093736457
1696947408,340.4044065032263
1696947409,374.7821823498323
1696947410,372.7358410370119
1696947411,332.80236303570234
1696947412,361.84797363132134
1696947413,366.5783671172878
1696947414,370.09698603437914
1696947415,349.8577126977859
1696947416,333.0795978049766
1696947417,339.0334087109214
1696947418,327.74755863648954
1696947419,345.6609204061601
1696947420,340.50748396454014
1696947421,387.08319629492837
1696947422,360.78825332865256
1696947423,360.9736408356817
1696947424,349.6741951983121
1696947425,331.54253595551864
1696947426,332.0009015671435
1696947427,332.42999529343143
1696947428,338.4504055947376
1696947429,341.0279920276428
1696947430,331.7989479723016
1696947431,324.49514465390325
1696947432,316.9301426587081
1696947433,299.4486740209608
1696947434,351.4431368636803
1696947435,368.34562413613634
1696947436,346.6676930907901
1696947437,295.93289176513395
1696947438,335.27598677596984
1696947439,338.421724154593
1696947440,308.27797066490433
1696947441,324.51667625135315
1696947442,303.9952584656023
1696947443,342.07577164140486
1696947444,317.17407513407
1696947445,289.88751427712225
1696947446,319.98616851564054
1696947447,326.1213320894031
1696947448,307.2613095067485
1696947449,311.2386313787565
1696947450,298.6049314154241
1696947450,243.2859773426883
1696947451,295.6186651784214
1696947452,332.5617692433201
1696947453,303.2110418871028
1696947454,352.8505001146556
1696947455,296.39932382244166
1696947456,302.8704486505557
1696947457,363.94208053371415
1696947458,336.6583894006514
1696947459,308.15205240079285
1696947460,383.59254899331825
1696947461,300.6205233357614
1696947462,301.85487409895137
1696947463,199.8639859527673
1696947464,316.7603078211303
1696947465,413.0042000502756
1696947466,247.04980814301416
1696947467,306.15008660960956
1696947468,378.7658830629763
1696947469,247.61933106168502
1696947470,337.360955854314
1696947471,422.9544232703779
1696947472,471.0592524553867
1696947473,386.39748735089336
1696947474,328.5186831647824
1696947475,329.7713408453636
1696947476,387.9369882927472
1696947477,397.6308455561546
1696947478,479.346704038358
1696947479,437.83382161752553
1696947480,396.3171829570051
1696947481,378.14399326771104
1696947482,548.405919048497
1696947483,431.73880564133043
1696947484,369.68225249791107
1696947485,394.57080334520083
1696947486,364.5819735927139
1696947487,290.84996886992815
1696947488,429.30203974586874
1696947489,505.35290690334017
1696947490,337.2310668798187
1696947491,424.01819091468207
1696947492,388.37275198736575
1696947493,452.22224978885436
1696947494,419.9253728550802
1696947495,362.8989667166146
1696947496,384.1708463269947
1696947497,393.9993196940218
1696947498,504.9820362828952
1696947499,504.64383430700263
1696947500,426.5907015783646
1696947501,505.6875063436203
1696947502,437.73894373109056
1696947503,432.12692699032084
1696947504,453.3385972741607
1696947505,466.706920806553
1696947506,426.6362977378222
1696947507,457.4042690312696
1696947508,497.5387686759598
1696947509,466.470174539606
1696947510,463.91146340239806
1696947511,488.21873824502427
1696947512,498.54044861158525
1696947513,463.727525182217
1696947514,444.75994854451966
1696947515,479.49714746931454
1696947516,391.8638719150373
1696947517,462.5279483763022
1696947518,350.90479343614135
1696947519,392.0885476262895
1696947520,385.9206748437696
1696947521,530.9057619364919
1696947522,480.5017636412934
1696947523,417.92094296018024
1696947524,506.7535927419746
1696947525,532.7660573016593
1696947526,509.8467905992977
1696947527,476.0323321408121
1696947528,498.09367043046217
1696947529,532.5018903598648
1696947530,464.8787865425835
1696947531,490.704816294339
1696947532,477.17869217708835
1696947533,410.15103329664845
1696947534,537.3904674384173
1696947535,595.1227977675255
1696947536,449.2237147808121
1696947537,541.6589945238447
1696947538,451.9943454694635
1696947539,501.26022939594884
1696947540,570.5062653190042
1696947541,469.5267988652536
1696947542,495.21610045181774
1696947543,406.23583209675473
1696947544,463.4205424059829
1696947545,401.59648521978033
1696947546,518.6082779070185
1696947547,538.9308317492979
1696947548,486.42750248347016
1696947549,511.92501636722596
1696947550,481.4271287270326
1696947551,534.7859165319946
1696947552,504.23922263979483
1696947553,398.4534007252764
1696947554,544.6695173735669
1696947555,478.09122637500377
1696947556,433.91179601977717
1696947557,475.31153600427274
1696947558,401.94784185025696
1696947559,434.3161511143346
1696947560,503.6841852757311
1696947561,507.5657803925028
1696947562,511.2136541204832
1696947563,495.682382995067
1696947564,460.47812108593496
1696947565,491.9678814406353
1696947566,472.3705769405052
1696947567,412.4533190711098
1696947568,454.6051395884127
1696947569,537.159195266911
1696947570,571.5265661653278
1696947571,524.0795534188221
1696947572,568.0795985295107
1696947573,494.5187766713143
1696947574,576.6992829502178
1696947575,591.613310905318
1696947576,401.5018925083621
1696947577,498.5153799797389
1696947578,491.0072495950921
1696947579,464.70607171063574
1696947580,509.71388565959387
1696947581,486.36336763285965
1696947582,446.70667591553234
1696947583,481.30472725811023
1696947584,542.0052825311667
1696947585,490.02860428162853
1696947586,511.36202821836486
1696947587,465.2615492697942
1696947588,500.8055225573996
1696947589,416.81880493135105
1696947590,451.36069966634193
1696947591,470.27136769694283
1696947592,410.6378564180611
1696947593,431.98635580051644
1696947594,488.188911785125
1696947595,478.05555325227806
1696947596,510.9082777883392
1696947597,439.5868343770065
1696947598,471.5121211176265
1696947599,434.05642699969985
1696947600,501.973094122133
1696947601,525.2208415907045
1696947602,488.86756487860913
1696947603,516.7806618608978
1696947604,464.36831992227263
1696947605,502.0490676452157
1696947606,464.570897107526
1696947607,408.5897382589149
1696947608,471.21475031887564
1696947609,408.16370051856876
1696947610,573.9430562744474
1696947611,439.34939393905665
1696947612,487.38290405596445
1696947613,453.5984680733048
1696947614,391.63837132597985
1696947615,357.50548239261013
1696947616,489.00847752429263
1696947617,528.165397161927
1696947618,413.114026037681
1696947619,366.191593154588
1696947620,431.9570879602277
1696947621,400.5662185815561
1696947622,414.1318091995137
1696947623,476.41130369650034
1696947624,442.63481355301997
1696947625,402.96906650034356
1696947626,473.1778939313023
1696947627,476.42760442255656
1696947628,425.58574855121213
1696947629,448.71335816634877
1696947630,467.24656892460143
1696947631,461.95635617404344
1696947632,442.1381485426678
1696947633,511.22024026972923
1696947634,468.23642469619324
1696947635,416.1085440947831
1696947636,415.97850268885264
1696947637,409.90712621960756
1696947638,469.0476682869991
1696947639,405.9657592577635
1696947640,415.55167410323133
1696947641,489.42383606283715
1696947642,445.8636071591239
1696947643,496.0017300679199
1696947644,475.8055574207531
1696947645,376.93137577566887
1696947646,430.55620395237236
1696947647,485.0942168163061
1696947648,374.4584041922479
1696947649,456.56022611299426
1696947650,433.65785815884107
1696947651,347.96322822282764
1696947652,441.80705174726967
1696947653,394.1109787252876
1696947654,377.8013723142435
1696947655,436.8802658046494
1696947656,340.1599267673885
1696947657,403.3078367819308
1696947658,564.9416247870543
1696947659,470.29570486882125
1696947660,394.1564363954503
1696947661,508.92079169625754
1696947662,389.63712083693304
1696947663,412.12359289703
1696947664,382.9773169939974
1696947665,453.8781227488094
1696947666,510.2027560319875
1696947667,392.56119577606773
1696947668,340.2728370554689
1696947669,498.6701969278566
1696947670,522.6822799620011
1696947671,346.1522463098685
1696947672,469.86671089616175
1696947673,459.1907623736564
1696947674,409.5370552970166
1696947675,380.2822166665384
1696947676,500.7205600359543
1696947677,461.26346578519605
1696947678,466.25198336184224
1696947679,423.706690877834
1696947680,416.0079057962303
1696947681,334.7065194715217
1696947682,447.44914299223507
1696947683,532.2306041545495
1696947684,417.25855392469845
1696947685,387.17561632439356
1696947686,486.64756025775625
1696947687,497.4790171427871
1696947688,438.8328897306198
1696947689,452.38538256736666
1696947690,484.7561708980893
1696947691,465.5626673225634
1696947692,525.1671567273988
1696947693,598.8844802073859
1696947694,393.4666181927382
1696947695,542.3554329858611
1696947696,488.11361313789814
1696947697,554.2833153632113
1696947698,523.152923195718
1696947699,492.09382165906595
1696947700,529.1763845213857
1696947701,473.6446743135984
1696947702,456.8521363445558
1696947703,538.3621428200186
1696947704,457.8908788693766
1696947705,534.550263477917
1696947706,506.3288317963997
1696947707,390.71412726684275
1696947708,480.8962198659408
1696947709,528.8201819638333
1696947710,494.2743731457249
1696947711,389.7665316697495
1696947712,585.7013495391388
1696947713,530.7246407344662
1696947714,547.0655873039548
1696947715,503.86757619964646
1696947716,556.7879795638778
1696947717,624.665274921133
1696947718,498.9093505685788
1696947719,621.779612670505
1696947720,561.1496780653531
1696947721,500.56811694082467
1696947722,657.5025991774381
1696947723,569.3326658298803
1696947724,586.4656769457835
1696947725,542.0879503192176
1696947726,518.6749669900194
1696947727,569.8388364995811
1696947728,643.4985571445626
1696947729,551.9390802342083
1696947730,569.0998845248241
1696947731,646.287087175991
1696947732,561.5045357746535
1696947733,605.1010552707189
1696947734,626.5364162186821
1696947735,575.9259197853228
1696947736,604.3664777433269
1696947737,625.052045711421
1696947738,575.0852516063081
1696947739,639.0642823495451
1696947740,574.0817489676743
1696947741,570.8408229267365
1696947742,531.4155167318114
1696947743,585.7741355042614
1696947744,573.3582082167253
1696947745,597.2812336382638
1696947746,651.1207361513817
1696947747,537.4372353783135
1696947748,528.1900010088357
1696947749,592.6740194013224
1696947750,656.3948580126662
1696947751,650.9819337837644
1696947752,601.4900042829292
1696947753,701.416130227421
1696947754,613.2250653550923
1696947755,672.4644345220106
1696947756,634.3940069797218
1696947757,612.2805964176695
1696947758,628.6457574880955
1696947759,698.7714840325837
1696947760,683.2868707833582
1696947761,716.7957757554482
1696947762,689.5849595100062
1696947763,594.1112866805934
1696947764,783.5128102987757
1696947765,699.6601501404182
1696947766,709.731353504381
1696947767,668.2375429795756
1696947768,745.8047032668367
1696947769,638.5406250596486
1696947770,726.7206737463102
1696947771,595.262931710822
1696947772,736.1017217637797
1696947773,651.2409718189035
1696947774,722.0250934315277
1696947775,778.9781344484197
1696947776,755.1607918845572
1696947777,778.1350963371111
1696947778,775.8260215511692
1696947779,696.4127751785048
1696947780,755.3617005863066
1696947781,641.9918444669247
1696947782,696.6568460195075
1696947783,803.3751433890715
1696947784,717.2013313888106
1696947785,645.7351885245708
1696947786,842.4729897927701
1696947787,772.5232926542669
1696947788,785.2267345341255
1696947789,700.540052662713
1696947790,766.2950888520107
1696947791,767.4671429985242
1696947792,715.9770814463952
1696947793,750.9894725675372
1696947794,686.8518283854909
1696947795,746.8995561270281
1696947796,815.2516782208058
1696947797,731.5052666769614
1696947798,866.4643510381959
1696947799,701.5096281670757
1696947800,762.482661777553
1696947801,744.8091698236801
1696947802,770.722427465589
1696947803,850.3671373532095
1696947804,734.5932637567305
1696947805,763.235463662228
1696947806,820.4671583505627
1696947807,794.3022542513745
1696947808,800.2647241924171
1696947809,745.0627089326591
1696947810,791.5264780493904
1696947811,853.421983441294
1696947812,718.0624297479391
1696947813,765.3261919112451
1696947814,711.0252532554937
1696947815,830.2191004761232
1696947816,866.1689190052591
1696947817,797.2068821202262
1696947818,757.5401214594228
1696947819,760.399147558721
1696947820,795.7104402543013
1696947821,796.8279058775963
1696947822,858.727595101829
1696947823,780.9129257321797
1696947824,837.2875408123332
1696947825,801.3931652042734
1696947826,780.5179983632705
1696947827,802.2823687317259
1696947828,836.6295919363762
1696947829,866.5070665301466
1696947830,809.075752401125
1696947831,762.3478969248927
1696947832,873.3574179040153
1696947833,779.2466901050004
1696947834,837.9365501234123
1696947835,824.3509044659706
1696947836,818.318274558894
1696947837,802.5095011034628
1696947838,858.4348068116501
1696947839,648.8510416010533
1696947840,885.2625103812006
1696947841,783.2566927484909
1696947842,849.6815999922773
1696947843,847.3955961522383
1696947844,893.7129620376688
1696947845,840.1308914300525
1696947846,789.0272462148996
1696947847,750.444537739504
1696947848,813.4024224016949
1696947849,733.0552298935692
1696947850,799.6226995073505
1696947851,816.460450555096
1696947852,796.603660315422
1696947853,833.1585847170335
1696947854,819.198609256299
1696947855,814.5173723710557
1696947856,709.5565720616654
1696947857,765.8563089205287
1696947858,862.5174942036562
1696947859,870.3567636569923
1696947860,737.9312022043455
1696947861,788.8276203471013
1696947862,882.8233141210146
1696947863,792.953282269968
1696947864,822.8801712366134
1696947865,900.1144381977924
1696947866,809.4854170490631
1696947867,801.8397617988466
1696947868,818.707387942644
1696947869,918.6860069367846
1696947870,847.7552837103881
1696947871,825.8032159352093
1696947872,798.0100460291441
1696947873,850.5235259069558
1696947874,855.898800544964
1696947875,768.5632967484488
1696947876,855.840110340813
1696947877,813.216433625259
1696947878,821.2590052054788
1696947879,775.030145673758
1696947880,798.4523406939124
1696947881,766.1333342729579
1696947882,762.9015467626527
1696947883,834.8228268646316
1696947884,797.3530586239251
1696947885,749.2531492777074
1696947886,922.2002565133106
1696947887,756.2147856512855
1696947888,866.1408034341188
1696947889,736.7896827077534
1696947890,832.5051747290546
1696947891,796.2101130276379
1696947892,776.3351492148012
1696947893,816.6676412667487
1696947894,808.9796495062304
1696947895,764.2740315871076
1696947896,761.0363958494372
1696947897,724.2500080198781
1696947898,817.2435623685503
1696947899,738.2928895222241
1696947900,800.1987478258591


1696946400,36.72393410075867
1696946401,165.92340550260482
1696946402,118.76189278824314
1696946403,233.34746871399702
1696946404,105.59157279812636
1696946405,58.42115165105678
1696946406,57.76627662713794
1696946407,173.98288784696302
1696946408,102.86820527971793
1696946409,187.38773575914988
1696946410,58.84744450771378
1696946411,123.05821964249893
1696946412,183.8297710656834
1696946413,275.6977576342636
1696946414,250.86044575380564
1696946415,87.8725271420455
1696946416,124.7688433753271
1696946417,35.03997074456219
1696946418,140.68077462986503
1696946419,123.82692193521135
1696946420,263.3363180205271
1696946421,285.3229761853544
1696946422,103.7499256474522
1696946423,138.72977739445204
1696946424,281.6964551320514
1696946425,212.36405950234098
1696946426,0.0
1696946427,62.499048873092725
1696946428,128.7005220478958
1696946429,30.126776942132025
1696946430,77.67168730531023
1696946431,0.0
1696946432,157.5593462136991
1696946433,71.48082122691736
1696946434,49.926299362934934
1696946435,83.5176422268506
1696946436,202.12790374175864
1696946437,228.58424914107317
1696946438,137.00786609307664
1696946439,169.58826435802308
1696946440,274.57702509115717
1696946441,41.551693002357084
1696946442,95.15637259398618
1696946443,91.45829721616744
1696946444,72.88719603030103
1696946445,99.26768865773667
1696946446,271.2175511423451
1696946447,210.91698943233718
1696946448,120.6871470489631
1696946449,302.7843023218937
1696946450,22.2846157514373
1696946451,42.29027180218003
1696946452,169.44023728360725
1696946453,204.2934668034544
1696946454,25.255575792521647
1696946455,120.10656940372309
1696946456,156.91190166983182
1696946457,173.50133429282616
1696946458,159.77585896233848
1696946459,85.96012317294634
1696946460,20.513679605503896
1696946461,98.62550590391979
1696946462,59.076587084336964
1696946463,259.0117160117893
1696946464,115.14007896544828
1696946465,96.94246738477925
1696946466,249.36932373553458
1696946467,190.4816701709425
1696946468,104.66110829379856
1696946469,275.1869170917129
1696946470,235.90451226580535
1696946471,245.09723509982308
1696946472,0.0
1696946473,159.820078972206
1696946474,240.20152399076
1696946475,8.846563311155784
1696946476,50.060223576874336
1696946477,243.03008093464823
1696946478,0.0
1696946479,254.24979848124627
1696946480,142.4684890800831
1696946481,124.7703687672017
1696946482,0.0
1696946483,255.15457338671942
1696946484,123.74777837053352
1696946485,128.22929403395864
1696946486,201.8507587062474
1696946487,214.64903673801567
1696946488,306.0860527938956
1696946489,144.90661680607326
1696946490,102.40865807063233
1696946491,276.98114197814516
1696946492,218.321811563204
1696946493,110.32201572642009
1696946494,37.51236757762307
1696946495,273.16188098332015
1696946496,61.280656701202304
1696946497,213.97400053119986
1696946498,118.8696025534925
1696946499,95.01942382642875
1696946500,159.22108834747502
1696946501,1.1496773805318021
1696946502,135.25121256398123
1696946503,177.16356459472203
1696946504,121.88745066023003
1696946505,232.02973326375786
1696946506,258.2850826701635
1696946507,239.2352153311141
1696946508,3.5527859923727156
1696946509,68.34285161550547
1696946510,189.10966087946218
1696946511,255.93684254876385
1696946512,233.68583180479894
1696946513,253.3054651527521
1696946514,69.8379773145418
1696946515,92.76629443906556
1696946516,163.07424371242035
1696946517,2.6357096844481305
1696946518,1.2727851228501859
1696946519,299.24975623332847
1696946520,77.54777148909346
1696946521,64.23968379751034
1696946522,3.0649245999286805
1696946523,285.4296818460923
1696946524,154.15324571259416
1696946525,205.42970886397143
1696946526,276.2914191436109
1696946527,106.70670885133957
1696946528,173.64581815783694
1696946529,52.34001860536202
1696946530,63.19589114674629
1696946531,243.7995630425898
1696946532,235.31591836273682
1696946533,89.70357455865786
1696946534,105.31709836270561
1696946535,207.90472870846418
1696946536,0.0
1696946537,70.81784680612003
1696946538,53.34744558746901
1696946539,54.35220516843345
1696946540,250.19345256442853
1696946541,84.63160049701713
1696946542,75.676942795043
1696946543,167.49059664450954
1696946544,277.7076652926595
1696946545,54.04084369423009
1696946546,36.38008882190152
1696946547,120.2268508807013
1696946548,203.8742874053562
1696946549,158.8348385638936
1696946550,215.91576894272487
1696946551,301.27009693037587
1696946552,251.0991924143646
1696946553,209.7481796354931
1696946554,143.42650625942724
1696946555,21.050117635755925
1696946556,315.05129566471857
1696946557,99.96650620141892
1696946558,27.54916134870606
1696946559,185.55495259741375
1696946560,78.30057736453338
1696946561,158.3223941663912
1696946562,162.4338181541529
1696946563,151.33724965152567
1696946564,248.90865203362694
1696946565,85.62408593982163
1696946566,123.57544172294874
1696946567,148.98032999364463
1696946568,204.79853402099783
1696946569,237.71280171174496
1696946570,134.0019184296382
1696946571,219.84594318905866
1696946572,31.35504183502764
1696946573,297.01812091801924
1696946574,93.32151857243781
1696946575,260.3320002489972
1696946576,0.0
1696946577,75.36875426657728
1696946578,124.3799565221801
1696946579,260.433922596768
1696946580,189.09120782827347
1696946581,262.60706164844225
1696946582,189.22279233256336
1696946583,147.02921707860406
1696946584,55.43828730981288
1696946585,248.85576471573802
1696946586,83.23042505204609
1696946587,241.36147246883246
1696946588,263.79021023955795
1696946589,306.91256281191903
1696946590,149.18272269552705
1696946591,205.90477708944957
1696946592,202.60632145111603
1696946593,28.552846775124795
1696946594,202.74794445187848
1696946595,0.0
1696946596,163.61140575654105
1696946597,50.00836725776794
1696946598,50.15776806816184
1696946599,103.91577916134031
1696946600,119.91055605339116
1696946601,178.91230791851692
1696946602,40.923330027777844
1696946603,142.46665208633792
1696946604,90.93934551977648
1696946605,178.18320257038678
1696946606,179.69614509778958
1696946607,186.48009601556845
1696946608,233.9665720050238
1696946609,67.59924446771723
1696946610,208.84255034958852
1696946611,127.52171848840985
1696946612,113.5831908083751
1696946613,236.24123621775368
1696946614,21.952158840554013
1696946615,195.93160948534526
1696946616,178.72141364936934
1696946617,80.96086193880399
1696946618,0.0
1696946619,0.0
1696946620,314.98953872092073
1696946621,238.25578915240283
1696946622,26.615229032741304
1696946623,125.17693391632105
1696946624,187.87331367041955
1696946625,263.15727066017143
1696946626,0.0
1696946627,34.826380990399464
1696946628,290.5765842700118
1696946629,0.0
1696946630,57.45586001051591
1696946631,280.35320626753406
1696946632,174.81753472312315
1696946633,84.79042643706507
1696946634,6.545479723185251
1696946635,16.372111383467605
1696946636,76.24663218490207
1696946637,306.42039295768166
1696946638,97.06590845289026
1696946639,216.68539042789442
1696946640,284.1124126115426
1696946641,117.28408737019905
1696946642,30.641709153462358
1696946643,180.27743487017972
1696946644,279.16379272083736
1696946645,215.97438998277832
1696946646,28.522312260111335
1696946647,241.80316142433168
1696946648,170.8429380693677
1696946649,272.1946995145164
1696946650,68.10452567595556
1696946651,140.80315432637192
1696946652,298.3898489059813
1696946653,142.46535742988763
1696946654,126.11409604025981
1696946655,7.772823303205184
1696946656,72.94683546102746
1696946657,60.6807104709424
1696946658,288.74616960488373
1696946659,67.22126809739065
1696946660,144.1916470095217
1696946661,175.5724620627796
1696946662,67.11527646025321
1696946663,160.6852347451724
1696946664,207.44413156156796
1696946665,267.24954706576216
1696946666,189.5361935849196
1696946667,230.36204431814258
1696946668,17.235462417473244
1696946669,280.6869896040212
1696946670,26.958550511189245
1696946671,233.29824509654284
1696946672,90.11036858916752
1696946673,267.0417955489013
1696946674,208.7057373830596
1696946675,245.46492985465792
1696946676,92.86424515649384
1696946677,142.78231369460582
1696946678,182.58469640192274
1696946679,226.3301470412373
1696946680,42.150339348262676
1696946681,293.26493496445596
1696946682,234.08668440854075
1696946683,92.55228179483336
1696946684,229.61667712124836
1696946685,127.15844874243399
1696946686,105.17504670643109
1696946687,90.00814431975523
1696946688,153.9600887458257
1696946689,172.43950411629538
1696946690,116.11076135209126
1696946691,178.95434120477032
1696946692,206.79585405342354
1696946693,200.75858602373822
1696946694,52.17642270989964
1696946695,268.27108759919287
1696946696,127.48372795708482
1696946697,77.45228775991708
1696946698,100.82220559381145
1696946699,164.03669008789495
1696946700,238.12522555318708
1696946701,94.0184632882615
1696946702,209.2807865545962
1696946703,20.25162027744941
1696946704,130.90854658779767
1696946705,298.18602721504226
1696946706,245.84576705807885
1696946707,81.21175231983361
1696946708,143.8964952513874
1696946709,37.39355871948205
1696946710,102.06007934131794
1696946711,223.62971132788883
1696946712,206.46675540209395
1696946713,91.24729310474783
1696946714,253.07617427484348
1696946715,190.1117157241521
1696946716,80.3396801881536
1696946717,163.72469626017926
1696946718,178.7360018979714
1696946719,198.21777359978665
1696946720,123.29025852992687
1696946721,140.19754521458816
1696946722,45.51492110015706
1696946723,240.76986988839758
1696946724,155.6084793642548
1696946725,32.79038719323119
1696946726,222.98587960712013
1696946727,238.30959586159594
1696946728,304.058759803244
1696946729,167.9280510760255
1696946730,46.620484160245965
1696946731,132.80487103275365
1696946732,13.091996187800465
1696946733,292.4597055916165
1696946734,62.78327772350867
1696946735,70.14395577428245
1696946736,137.05904548307484
1696946737,73.67163963264791
1696946738,253.4801102639892
1696946739,141.65026945718657
1696946740,31.31151818533642
1696946741,51.496490078208545
1696946742,155.16056121116918
1696946743,72.38093796319575
1696946744,178.93483805386353
1696946745,152.67049164068698
1696946746,218.23646011740234
1696946747,317.7288208162798
1696946748,282.30236459162103
1696946749,294.6107251848376
1696946750,97.87065182652141
1696946751,48.92073997948283
1696946752,75.06361600573148
1696946753,233.63425279193365
1696946754,273.18297999148126
1696946755,235.7029592191893
1696946756,46.19147872848963
1696946757,300.19536044492014
1696946758,130.51884943954556
1696946759,0.0
1696946760,168.450062702992
1696946761,5.496546625848508
1696946762,175.23299655436603
1696946763,102.55270496510659
1696946764,146.2037497432129
1696946765,195.31478828974306
1696946766,246.71992551332707
1696946767,224.6785214668819
1696946768,98.62455220170875
1696946769,225.05722998039184
1696946770,297.52322875868134
1696946771,47.72808515174859
1696946772,210.3877152194661
1696946773,86.72059679579584
1696946774,48.12694529226607
1696946775,163.41443288092754
1696946776,230.56093377382376
1696946777,66.7813070915577
1696946778,208.91674077488045
1696946779,252.0713679208927
1696946780,297.64631447288826
1696946781,89.6089520155891
1696946782,271.4078239633584
1696946783,87.21667704434337
1696946784,169.74592152849013
1696946785,26.697208697195236
1696946786,0.0
1696946787,223.54668437990182
1696946788,154.91260827731153
1696946789,72.4381499447681
1696946790,58.48650581028609
1696946791,210.661623937821
1696946792,11.147147529396841
1696946793,259.33642221902505
1696946794,3.487382719339646
1696946795,46.86843442472963
1696946796,106.03334474873381
1696946797,127.37937861157755
1696946798,70.53025631702626
1696946799,31.124070669334003
1696946800,313.08385785701614
1696946801,161.39604428406744
1696946802,38.360069144334624
1696946803,143.8409623056232
1696946804,254.38884232706602
1696946805,102.76529801949506
1696946806,36.8695683665909
1696946807,205.47994421817987
1696946808,181.50459410823177
1696946809,151.49697689712133
1696946810,29.155527925644222
1696946811,27.84528390266744
1696946812,184.83222814000067
1696946813,59.55117405743575
1696946814,153.65260393531494
1696946815,196.71560743109848
1696946816,80.23294542416346
1696946817,308.8860895019382
1696946818,262.3391719373733
1696946819,245.08010321057122
1696946820,16.629444226526342
1696946821,45.7617306320972
1696946822,146.6490433074799
1696946823,0.0
1696946824,271.6827673584327
1696946825,59.20360912727787
1696946826,156.56564896479216
1696946827,83.33676927975316
1696946828,196.22327741298946
1696946829,48.77612719733758
1696946830,128.40161701796515
1696946831,96.98788259533582
1696946832,278.1765635600818
1696946833,11.472842052314371
1696946834,263.9017518246554
1696946835,270.7490734077503
1696946836,98.53445688982106
1696946837,209.15854335252544
1696946838,13.782021223252016
1696946839,267.0391708988634
1696946840,138.6871241283533
1696946841,77.94610711192084
1696946842,109.67242849159716
1696946843,27.41131758997492
1696946844,288.62601642778634
1696946845,4.483931219333046
1696946846,186.4072638383241
1696946847,153.77105105369006
1696946848,227.61599538462144
1696946849,67.6263738985429
1696946850,190.52574308905074
1696946851,155.05146358037362
1696946852,236.1968780263729
1696946853,0.0
1696946854,33.291754377624
1696946855,74.6504088415843
1696946856,252.45783831766028
1696946857,33.91688456112746
1696946858,164.29229351316255
1696946859,72.602428987626
1696946860,229.43751708343956
1696946861,293.0894615385113
1696946862,102.0341995019474
1696946863,115.53745455205058
1696946864,50.31563314749289
1696946865,5.98235664658486
1696946866,93.58770181798796
1696946867,205.21577709344038
1696946868,159.92545530572914
1696946869,302.59319451698525
1696946870,84.8796584951337
1696946871,212.24729012854664
1696946872,130.99342162536675
1696946873,172.1334941508632
1696946874,94.07363577395763
1696946875,150.95219742988002
1696946876,174.14313575795487
1696946877,234.51970717337974
1696946878,279.04357308036595
1696946879,98.77102617500134
1696946880,24.678908188624064
1696946881,151.6120311451485
1696946882,177.44186608294493
1696946883,5.925756844114005
1696946884,265.7554522586863
1696946885,296.69930420357394
1696946886,251.28310848468706
1696946887,40.85594461542523
1696946888,220.02243094684374
1696946889,189.5433893197904
1696946890,133.30900056927774
1696946891,192.47759054730676
1696946892,263.09354420313343
1696946893,148.69769413080346
1696946894,89.26012030722383
1696946895,131.4845417947255
1696946896,158.80038734307084
1696946897,42.60072388978254
1696946898,263.2415815551251
1696946899,196.73586341455453
1696946900,183.1991077287097
1696946901,16.422383248821795
1696946902,183.95324476802207
1696946903,29.999903004212197
1696946904,0.0
1696946905,158.8809051378767
1696946906,118.50038025831695
1696946907,145.05053199576344
1696946908,14.940621483240818
1696946909,141.2363700744047
1696946910,29.7070157403333
1696946911,271.2864443826651
1696946912,161.84739129071752
1696946913,218.68970367849948
1696946914,133.83203601923626
1696946915,41.60038153087692
1696946916,314.45781363818315
1696946917,92.81166318498823
1696946918,113.44013595921766
1696946919,207.99339804271074
1696946920,5.697028327270965
1696946921,250.61841591174633
1696946922,142.05286048156685
1696946923,92.79407213744275
1696946924,16.072231652422847
1696946925,53.3746795860141
1696946926,266.80869415952844
1696946927,200.26320487393363
1696946928,84.66433208343511
1696946929,11.558406905677586
1696946930,175.4108311084391
1696946931,134.2429162766806
1696946932,125.04418872601006
1696946933,100.13907846244203
1696946934,30.462299230091467
1696946935,203.0140763023309
1696946936,289.32291723869395
1696946937,42.7223018865931
1696946938,184.07117236826807
1696946939,153.55739692594895
1696946940,159.69843089710224
1696946941,79.11947690051602
1696946942,245.84625404116866
1696946943,148.73138539640595
1696946944,169.20189431496618
1696946945,86.06231029803662
1696946946,58.03340089914697
1696946947,0.0
1696946948,215.86271994441006
1696946949,68.40655640684878
1696946950,197.2257674165112
1696946951,115.20348092836419
1696946952,102.50233268287298
1696946953,115.74697716864523
1696946954,114.52885399744677
1696946955,15.5947328520247
1696946956,57.35302976933324
1696946957,176.8847422254927
1696946958,180.4077385648199
1696946959,101.35890212663314
1696946960,141.61306819467575
1696946961,40.60212444043524
1696946962,51.35630635952754
1696946963,33.15581484412674
1696946964,287.7460136762624
1696946965,40.850790962835305
1696946966,91.53068027346552
1696946967,82.26785362454335
1696946968,54.214654029753575
1696946969,188.5127058543787
1696946970,46.25946992811947
1696946971,17.068315667109104
1696946972,188.31800934939756
1696946973,126.22738170241517
1696946974,164.53218504641146
1696946975,166.3061953185533
1696946976,68.93542552099017
1696946977,208.94160975767332
1696946978,56.28037279608364
1696946979,175.52879131014842
1696946980,135.96443658145532
1696946981,81.17336580713943
1696946982,174.34728689225207
1696946983,265.59953013257734
1696946984,328.8645065206332
1696946985,165.71858465747653
1696946986,113.37013279626957
1696946987,66.05193061352433
1696946988,97.14748040244689
1696946989,148.30254023597382
1696946990,129.8529482951166
1696946991,294.8265565975553
1696946992,122.32937681311248
1696946993,90.75350501231958
1696946994,148.28223196812738
1696946995,279.23367653215143
1696946996,196.50729726411728
1696946997,156.61525024599672
1696946998,69.03294355767152
1696946999,250.45756558080603
1696947000,0.0
1696947001,226.8953690342264
1696947002,122.23765595091884
1696947003,110.07541899242366
1696947004,153.04877569152526
1696947005,228.33892018046586
1696947006,13.514043442306047
1696947007,253.83746632804605
1696947008,141.62084874687383
1696947009,108.70130762179662
1696947010,56.264573834135916
1696947011,131.04077003585536
1696947012,169.62078640555586
1696947013,137.58304435259302
1696947014,205.25202822084051
1696947015,123.88447150244971
1696947016,306.8202429337805
1696947017,165.51376898493677
1696947018,212.1111241127048
1696947019,2.560811099163743
1696947020,103.25989838198153
1696947021,114.24735640969081
1696947022,162.3887393487803
1696947023,262.42437607465223
1696947024,13.59554391098062
1696947025,12.025292093733915
1696947026,234.5860389570566
1696947027,62.01711330319346
1696947028,197.122701619365
1696947029,171.11674017187798
1696947030,255.6220306064032
1696947031,33.5837253317528
1696947032,8.81311281557987
1696947033,188.45709743505785
1696947034,282.2127092267508
1696947035,126.09218130910422
1696947036,130.09253139262964
1696947037,200.17123949128475
1696947038,288.06356413984395
1696947039,251.0322341059706
1696947040,298.4121722432829
1696947041,11.57286491515037
1696947042,41.9955779309613
1696947043,217.0683641256693
1696947044,295.63825345541113
1696947045,91.37851880010095
1696947046,28.697804969392962
1696947047,217.05785034852588
1696947048,53.14449379340482
1696947049,125.18784683989047
1696947050,160.26369652259885
1696947051,164.7678440770018
1696947052,194.8041058533134
1696947053,140.00951212410752
1696947054,167.34109837290038
1696947055,190.19886316805247
1696947056,138.27079480104123
1696947057,187.8380142460981
1696947058,97.69389392948219
1696947059,20.400742626052818
1696947060,28.412504104602473
1696947061,67.58744016314395
1696947062,123.33932280813701
1696947063,221.64988702288574
1696947064,224.6727322803938
1696947065,228.26798274825813
1696947066,119.42238238945654
1696947067,143.7597828375792
1696947068,142.07741797709312
1696947069,25.141789629823677
1696947070,4.408411677993648
1696947071,188.02653398904414
1696947072,307.8250384642489
1696947073,95.03766316900466
1696947074,0.0
1696947075,257.22287257626186
1696947076,83.22129420618806
1696947077,216.0884242726091
1696947078,200.22469537582273
1696947079,288.9526213617078
1696947080,88.59083656107629
1696947081,157.1128317357573
1696947082,104.23158267124836
1696947083,194.35928229424985
1696947084,125.18632662765242
1696947085,44.190559980950084
1696947086,140.65678809769972
1696947087,130.09281219807394
1696947088,234.05309082124617
1696947089,184.24825077663763
1696947090,222.89030996961137
1696947091,67.86272307931611
1696947092,169.66361293133107
1696947093,140.70895371987268
1696947094,260.1496322191518
1696947095,272.4715901068223
1696947096,36.577585668023644
1696947097,236.86825246246502
1696947098,9.54418787217544
1696947099,169.73198698453456
1696947100,160.4641345342176
1696947101,79.75503679412635
1696947102,233.9338969184997
1696947103,0.0
1696947104,36.165034786702435
1696947105,174.09359705604857
1696947106,191.78680611625657
1696947107,257.7156114802608
1696947108,203.18778355987155
1696947109,207.40065191500435
1696947110,154.82228814002022
1696947111,0.0
1696947112,45.27813854824885
1696947113,127.80840649517071
1696947114,223.74473857107222
1696947115,90.80083367039963
1696947116,235.17143290054574
1696947117,154.94018953401758
1696947118,19.83979982349787
1696947119,51.59958093200803
1696947120,225.97441448534093
1696947121,192.5084137899558
1696947122,285.1589992245281
1696947123,35.50591033990873
1696947124,290.91562568089694
1696947125,71.6899731977012
1696947126,5.560168550417639
1696947127,283.36825071726867
1696947128,133.54209015038558
1696947129,215.22096332383012
1696947130,55.54606572008267
1696947131,163.7963336154637
1696947132,290.2656897202516
1696947133,80.30299283400966
1696947134,183.6406979939225
1696947135,90.2375893543326
1696947136,188.05212313703174
1696947137,85.66812181095081
1696947138,63.47619153717905
1696947139,110.95834628805805
1696947140,66.07740963144366
1696947141,290.0600776130939
1696947142,94.16494784034904
1696947143,92.56677472580708
1696947144,130.94117678375693
1696947145,97.94286537602619
1696947146,247.51566601689336
1696947147,305.42048703107406
1696947148,138.43114662838764
1696947149,218.630086328733
1696947150,168.84888496028015
1696947151,31.477191776860032
1696947152,221.40772871234972
1696947153,173.84951287845928
1696947154,189.14133651997577
1696947155,253.56539425572572
1696947156,163.25638710713247
1696947157,258.29033562493277
1696947158,201.30995414377142
1696947159,129.92805470301656
1696947160,169.8666529351049
1696947161,80.44707869671247
1696947162,311.9870175871937
1696947163,156.2470800036386
1696947164,0.0
1696947165,97.03662281530536
1696947166,191.1992545277631
1696947167,50.736680090263604
1696947168,38.07001165101655
1696947169,102.99252873944992
1696947170,61.64609509640941
1696947171,131.98900765736977
1696947172,65.34428823473979
1696947173,25.574797243230563
1696947174,207.06542504331438
1696947175,158.98528124702884
1696947176,43.2668945819265
1696947177,83.3951329772496
1696947178,162.30154175124477
1696947179,13.438979657317745
1696947180,55.06478476764861
1696947181,0.41556400918529945
1696947182,230.88149994428363
1696947183,217.73712710189275
1696947184,225.8588314606743
1696947185,220.41729290105786
1696947186,241.66078391117662
1696947187,154.54008896562027
1696947188,204.60207599291783
1696947189,6.176206170801654
1696947190,166.84201088308672
1696947191,222.7990313640675
1696947192,135.90085831101922
1696947193,115.0986120392624
1696947194,50.202391967819075
1696947195,204.69128944036964
1696947196,205.49556780025213
1696947197,275.95724461254355
1696947198,88.22206095521176
1696947199,212.90429791883076
1696947200,160.2733728760325
1696947201,256.2379621483472
1696947202,174.47060071018484
1696947203,171.22504518053148
1696947204,211.4635861029811
1696947205,214.88476365237238
1696947206,222.45613171878642
1696947207,13.880554804113338
1696947208,20.643539221472288
1696947209,295.55571504324496
1696947210,165.03477308113622
1696947211,174.54535370828685
1696947212,179.0103676267298
1696947213,7.42251977099782
1696947214,224.9339165543632
1696947215,202.56919670935991
1696947216,93.90253168964703
1696947217,123.65188874397752
1696947218,248.5338957936793
1696947219,19.0111802805284
1696947220,230.41230433942457
1696947221,71.25866325295435
1696947222,200.90516532731522
1696947223,275.79353038739185
1696947224,197.0809461827477
1696947225,146.44323525697683
1696947226,200.58898041221326
1696947227,129.0349635394535
1696947228,57.48473299700095
1696947229,312.56206287722455
1696947230,258.1636535078454
1696947231,213.57313116364355
1696947232,69.24142193309012
1696947233,1.982183917896771
1696947234,4.478032317391021
1696947235,186.45348656878124
1696947236,201.9774539874866
1696947237,140.83502372530356
1696947238,220.1324929781345
1696947239,0.0
1696947240,84.99348978833576
1696947241,103.07923455618159
1696947242,121.23434503417727
1696947243,35.53142380083691
1696947244,286.59888261569915
1696947245,67.05584593930003
1696947246,264.8634562542867
1696947247,143.16839625361868
1696947248,298.7441246294122
1696947249,168.15239329684417
1696947250,267.38144704918375
1696947251,0.0
1696947252,236.24986420577852
1696947253,275.51630816166465
1696947254,44.38561638385702
1696947255,13.756905686294498
1696947256,166.25393622629656
1696947257,270.50953704872404
1696947258,162.11091482262322
1696947259,154.4962665390252
1696947260,81.43205943502232
1696947261,0.0
1696947262,235.3951884041253
1696947263,28.638591858204855
1696947264,176.2841278313535
1696947265,276.61693069258774
1696947266,110.0276455508847
1696947267,205.57576198209506
1696947268,28.874491446784468
1696947269,166.76844529309966
1696947270,83.36365937302008
1696947271,259.566722170513
1696947272,107.42299595471269
1696947273,152.09396710264147
1696947274,175.13385557951017
1696947275,59.20877481676432
1696947276,205.78819348803611
1696947277,68.26982267546957
1696947278,168.9643596393112
1696947279,55.698394675308066
1696947280,178.86780831549132
1696947281,28.46371378088886
1696947282,126.38236137695554
1696947283,94.06763011210367
1696947284,212.94817149603637
1696947285,100.87594760685022
1696947286,283.2983701815025
1696947287,246.11989686856435
1696947288,81.38890444454125
1696947289,178.48216105948657
1696947290,16.336270041470936
1696947291,111.87406437222225
1696947292,213.9264043152082
1696947293,189.52608204622217
1696947294,170.61636761475745
1696947295,69.73714722483959
1696947296,116.18634102440092
1696947297,27.67457237374496
1696947298,226.25303999807156
1696947299,152.2138969814473
1696947300,302.3104198795128
1696947301,318.00658926725083
1696947302,343.01198660182496
1696947303,344.43733711542336
1696947304,341.1010814923155
1696947305,327.2245862033503
1696947306,363.8956519960978
1696947307,314.6902685428627
1696947308,311.5441522374399
1696947309,369.3176382650915
1696947310,220.44315671923795
1696947311,296.0275497851149
1696947312,340.2415385411667
1696947313,332.29677747053944
1696947314,380.08065835618004
1696947315,306.55790488327585
1696947316,290.6310274839097
1696947317,293.8152353775519
1696947318,313.5420448858374
1696947319,352.8716501007619
1696947320,353.4686747110092
1696947321,302.9862265116565
1696947322,312.4791434892227
1696947323,286.7630637350252
1696947324,290.11686690516694
1696947325,336.9432719586707
1696947326,353.84411943972805
1696947327,285.08148958590556
1696947328,313.51091278616275
1696947329,299.15210276206824
1696947330,332.5828164532269
1696947331,295.2334082181953
1696947332,249.31746292732464
1696947333,337.4440546666934
1696947334,298.4510466598534
1696947335,301.79446630113614
1696947336,321.06763750075515
1696947337,318.8072315168008
1696947338,322.12809420701615
1696947339,259.7746717092808
1696947340,325.5781592499837
1696947341,251.83942060057706
1696947342,332.42028764676354
1696947343,343.10699401887297
1696947344,268.7221734960213
1696947345,319.85298971744646
1696947346,341.9375961106552
1696947347,296.9743358332985
1696947348,330.8757576379254
1696947349,227.32671270711847
1696947350,344.05699465841343
1696947351,312.2331604941286
1696947352,303.82067425647455
1696947353,341.29902136491216
1696947354,363.87869027171934
1696947355,326.79369746284215
1696947356,360.7058609359113
1696947357,266.0681690908573
1696947358,332.8673540239109
1696947359,309.1509955254829
1696947360,289.6867601918438
1696947361,255.69511250967028
1696947362,332.13138924785767
1696947363,340.2587016024959
1696947364,354.48290475201964
1696947365,349.7391575734954
1696947366,291.5153760549156
1696947367,353.61005434825285
1696947368,357.0015362284664
1696947369,307.53381557575216
1696947370,316.4084034669071
1696947371,287.75315156629154
1696947372,360.4265887196
1696947373,270.86860784315417
1696947374,332.4935646153575
1696947375,298.7617910231953
1696947376,283.6533043021936
1696947377,260.86926269426885
1696947378,310.8711494942035
1696947379,279.6180021176184
1696947380,319.4703613759919
1696947381,371.08011970201875
1696947382,324.2074420153889
1696947383,378.3628595129839
1696947384,289.1984690623221
1696947385,280.46066488890847
1696947386,288.30064346426275
1696947387,317.3803171706742
1696947388,401.2440161872846
1696947389,269.9143363712345
1696947390,338.5898935448727
1696947391,299.2232621410062
1696947392,313.7303529129156
1696947393,282.9260693286766
1696947394,347.2630386100751
1696947395,319.79335712245745
1696947396,353.9569398541583
1696947397,326.8129113765324
1696947398,263.8290584624715
1696947399,354.89628387925643
1696947400,261.83220325293183
1696947401,266.3473639569521
1696947402,295.1505862627176
1696947403,295.7732226303188
1696947404,364.9917520725555
1696947405,318.1986417308224
1696947406,360.9771143147954
1696947407,306.74025342019917
1696947408,333.52939107031904
1696947409,338.4434915675884
1696947410,345.32640695675593
1696947411,310.71888143419153
1696947412,313.5532422253421
1696947413,316.1671937331358
1696947414,275.76096162442917
1696947415,323.03849965750663
1696947416,314.2672501254894
1696947417,343.4021868223266
1696947418,328.9612573540123
1696947419,366.5358985480401
1696947420,328.76932092292367
1696947421,310.022718002281
1696947422,328.8420277760846
1696947423,349.0583505596482
1696947424,274.35933332188415
1696947425,306.32032221325005
1696947426,307.17469792343945
1696947427,340.55192830854725
1696947428,344.26304063520297
1696947429,331.7034985017135
1696947430,254.52974531505123
1696947431,279.55356561535746
1696947432,322.1653786896197
1696947433,314.51147285480135
1696947434,329.9388891428579
1696947435,315.9180551269357
1696947436,376.17149620669335
1696947437,261.6261968990488
1696947438,339.7454956125611
1696947439,355.7292010737931
1696947440,352.1572648618631
1696947441,354.95152297336887
1696947442,359.4890328072836
1696947443,313.65838117956105
1696947444,298.9554872906913
1696947445,271.18177204138203
1696947446,321.5663594340536
1696947447,309.34067294802105
1696947448,367.73715329860306
1696947449,324.48436780657704
1696947450,302.42116121650656
1696947451,297.89949193672254
1696947452,393.4423793912916
1696947453,333.3374105502527
1696947454,310.7770883240039
1696947455,338.1656986776051
1696947456,391.5733413516188
1696947457,323.19846961990226
1696947458,355.721432394557
1696947459,370.92716445324305
1696947460,278.81283880005833
1696947461,316.6254052176916
1696947462,367.8325988447659
1696947463,315.243119049147
1696947464,348.88320642246293
1696947465,313.9122186929224
1696947466,323.5223317835311
1696947467,320.0901969428979
1696947468,356.43343794420826
1696947469,343.60295898154334
1696947470,340.74356112810835
1696947471,413.224857135765
1696947472,390.4131444358242
1696947473,279.00713582783106
1696947474,325.36437647011024
1696947475,411.68279912709863
1696947476,321.8734101904698
1696947477,401.96571290958764
1696947478,326.76575110950773
1696947479,332.75785066138087
1696947480,365.9071407740744
1696947481,337.51600697198717
1696947482,355.28318363167307
1696947483,387.91512764589584
1696947484,363.65291690816196
1696947485,345.3570750756021
1696947486,391.5391385848611
1696947487,367.8561798318085
1696947488,319.77148288485733
1696947489,401.4022570033206
1696947490,361.4931899837276
1696947491,336.03414137834864
1696947492,282.04213912908824
1696947493,301.5615974869489
1696947494,394.1151584231092
1696947495,395.5232908924468
1696947496,346.11407761755277
1696947497,290.67045249851316
1696947498,311.3907423904818
1696947499,295.50917166073486
1696947500,294.6411066470316
1696947501,405.4707377347739
1696947502,406.6864261413231
1696947503,311.485696504144
1696947504,345.0712840564053
1696947505,307.01167075760145
1696947506,345.32063638277515
1696947507,395.1791165010729
1696947508,378.58379374631267
1696947509,370.7043274093631
1696947510,340.84127454878075
1696947511,384.7479023687798
1696947512,366.511173508611
1696947513,359.4508007728049
1696947514,344.09327540956195
1696947515,357.32896596321774
1696947516,356.6475473360798
1696947517,331.9792728699944
1696947518,325.19694843262647
1696947519,318.759457856755
1696947520,320.9029955350811
1696947521,343.46802484475955
1696947522,338.7527863634659
1696947523,330.9335431574788
1696947524,328.9343335357228
1696947525,358.7564007834895
1696947526,391.5504456374514
1696947527,350.116974012241
1696947528,348.3767426654436
1696947529,322.84228810748783
1696947530,344.41901675738984
1696947531,387.04342355161435
1696947532,382.6793886608247
1696947533,380.81699010600784
1696947534,380.0760648765953
1696947535,365.3241988891673
1696947536,364.4806593489343
1696947537,360.0091764672099
1696947538,340.3823304873135
1696947539,355.62209306957635
1696947540,359.80132384450934
1696947541,372.5506136550371
1696947542,356.78547238913256
1696947543,417.1548414291725
1696947544,317.92785631048486
1696947545,377.07871543756545
1696947546,353.4293554674951
1696947547,354.9532773526852
1696947548,330.73383764178686
1696947549,385.9136313507939
1696947550,375.1408015851903
1696947551,380.78689968188854
1696947552,361.07736214456895
1696947553,346.47537778301546
1696947554,354.4475979881108
1696947555,369.6706361683359
1696947556,296.7216037012967
1696947557,383.2990971383748
1696947558,430.11911777382534
1696947559,371.96560696415986
1696947560,349.34997905154455
1696947561,353.1629423596219
1696947562,379.4484927502473
1696947563,350.6957845449909
1696947564,384.726924806842
1696947565,353.6646673749816
1696947566,410.5366151098412
1696947567,409.931217413999
1696947568,349.6504655173273
1696947569,357.34706267561376
1696947570,359.3289341436498
1696947571,359.95323244931006
1696947572,332.0215730926242
1696947573,328.04884613843615
1696947574,398.38161603532757
1696947575,393.8047215372361
1696947576,393.50895475865144
1696947577,359.47420454734566
1696947578,418.53813087746863
1696947579,361.325930699763
1696947580,388.10850743921446
1696947581,320.78578400839496
1696947582,355.7746067217312
1696947583,358.2142572216744
1696947584,361.14648497046267
1696947585,323.56836429346276
1696947586,384.6719833902833
1696947587,394.6360871168791
1696947588,341.68421832631253
1696947589,329.8019767325824
1696947590,341.37619569762677
1696947591,379.53162674087207
1696947592,346.99078824163826
1696947593,361.0891536220198
1696947594,333.12951099225245
1696947595,424.93414772059947
1696947596,367.97373662266125
1696947597,400.4914598767989
1696947598,381.0173172493873
1696947599,365.1880427954924
1696947600,363.8567969199883
1696947601,345.13157858975535
1696947602,353.5972165845993
1696947603,337.0992633853782
1696947604,334.0495763975672
1696947605,430.36904030431833
1696947606,376.36737095245826
1696947607,412.193739473344
1696947608,344.6225767333638
1696947609,331.1185588927243
1696947610,339.5555425601234
1696947611,356.4489545584202
1696947612,370.4283312881181
1696947613,365.02745705023574
1696947614,346.5820487231789
1696947615,372.63145027953294
1696947616,375.48380595842065
1696947617,391.5127372709918
1696947618,414.7796357570428
1696947619,359.9720752036212
1696947620,407.5755289201501
1696947621,373.3114611361729
1696947622,325.7359859330221
1696947623,425.2759020896529
1696947624,440.1760932569907
1696947625,390.7951165637688
1696947626,375.1379933770184
1696947627,364.52451486173175
1696947628,358.9704498043567
1696947629,409.4321487055366
1696947630,372.81513619188814
1696947631,423.7737494728986
1696947632,374.8236502376527
1696947633,361.6295991972978
1696947634,356.18320828687024
1696947635,352.1329618856095
1696947636,390.091041458848
1696947637,336.05408824314856
1696947638,350.5609866110235
1696947639,415.0678121085654
1696947640,346.9190762308212
1696947641,401.6589254374783
1696947642,314.10964565497557
1696947643,419.7248334874948
1696947644,338.3374892736181
1696947645,350.3748543624239
1696947646,397.29916622847867
1696947647,385.22335513735254
1696947648,404.18295641617755
1696947649,339.2076766778283
1696947650,369.1736154977716
1696947651,359.4876537236869
1696947652,344.91655827764953
1696947653,396.3213682000554
1696947654,406.9582100648705
1696947655,368.7829027376729
1696947656,424.7924500899962
1696947657,355.76232670698306
1696947658,424.50957527966676
1696947659,396.64494957052574
1696947660,343.2929844357497
1696947661,439.6679502347023
1696947662,367.11011844871365
1696947663,416.82019885510016
1696947664,385.2583625467779
1696947665,392.34434784466606
1696947666,408.3695367481026
1696947667,406.9310910896256
1696947668,371.51338088407397
1696947669,397.94996787815785
1696947670,395.92021768317727
1696947671,388.8512804351218
1696947672,376.56717065177475
1696947673,389.2358338847163
1696947674,442.1373334969869
1696947675,374.48251276990857
1696947676,419.7531781496818
1696947677,365.18868506028383
1696947678,357.5605601303177
1696947679,482.5142025756122
1696947680,400.6451703541218
1696947681,401.69207050535505
1696947682,402.74572204391495
1696947683,427.33010230714876
1696947684,397.5676337718659
1696947685,410.0422117322713
1696947686,354.0207294300821
1696947687,415.51770611733355
1696947688,379.119405481096
1696947689,406.59671891020065
1696947690,335.21306802582575
1696947691,405.7942766598423
1696947692,319.85422046786624
1696947693,379.055869220248
1696947694,336.3890078285674
1696947695,406.76887956529356
1696947696,390.0780964352763
1696947697,365.09860013101394
1696947698,431.4766857954893
1696947699,361.7666718366652
1696947700,297.95307391418623
1696947701,404.52016212706565
1696947702,336.3353717509148
1696947703,363.6052662652303
1696947704,374.25738058959945
1696947705,347.28018450911964
1696947706,375.4103946404756
1696947707,348.2859878267978
1696947708,395.538162220658
1696947709,354.02653121632324
1696947710,392.01550307457154
1696947711,426.19356446146963
1696947712,415.0267386643204
1696947713,389.32645701353044
1696947714,362.33788044740544
1696947715,396.99753569989963
1696947716,371.5728707104319
1696947717,398.7003704277124
1696947718,341.4303323652989
1696947719,417.32894280118035
1696947720,394.32983022372775
1696947721,459.81105595583074
1696947722,432.95962163305956
1696947723,410.9856080926317
1696947724,390.50243301099516
1696947725,372.5563135333945
1696947726,422.9389455176907
1696947727,388.00479514929754
1696947728,430.1620500995601
1696947729,407.3580282453919
1696947730,407.79546937304843
1696947731,413.6135615868166
1696947732,368.4111918468733
1696947733,365.55813490601355
1696947734,364.7431609935477
1696947735,428.0915741129463
1696947736,368.5172412633347
1696947737,372.476319865251
1696947738,413.4588471425276
1696947739,389.9940818165099
1696947740,386.3839505150191
1696947741,384.00335093519243
1696947742,328.4532718869818
1696947743,369.43799866552393
1696947744,434.1135607731294
1696947745,382.70694584286974
1696947746,342.09641993057886
1696947747,369.0935061672786
1696947748,410.3511744982054
1696947749,409.9788160539499
1696947750,391.1715816231595
1696947751,379.5461008096712
1696947752,358.37856487176316
1696947753,411.7122177590269
1696947754,426.0250014189226
1696947755,439.77751117266644
1696947756,368.015712572632
1696947757,442.5212449677412
1696947758,400.0794151598441
1696947759,402.7971589021292
1696947760,429.02998344116605
1696947761,386.21582734005244
1696947762,337.7525766261958
1696947763,424.03473533476176
1696947764,413.56823343996325
1696947765,392.52502792702404
1696947766,422.23149587367135
1696947767,428.58608159173366
1696947768,358.6398106381527
1696947769,404.89761145415406
1696947770,336.1175662389719
1696947771,400.9558709813131
1696947772,393.70662156802825
1696947773,419.86838163392827
1696947774,373.14167644461554
1696947775,392.91095948001
1696947776,309.2960618000637
1696947777,422.7251146310151
1696947778,403.5702247184
1696947779,409.0616875790627
1696947780,361.86374458562483
1696947781,418.83075413447904
1696947782,456.69360221653784
1696947783,401.7859517670476
1696947784,427.05822279800486
1696947785,381.65914708400123
1696947786,405.6943142985883
1696947787,362.2820038034772
1696947788,432.0880985852483
1696947789,413.46188398162855
1696947790,372.31029731410706
1696947791,385.05524580596864
1696947792,411.1659185112827
1696947793,437.2715060344808
1696947794,454.1635938833333
1696947795,405.9762386286453
1696947796,369.28276200614084
1696947797,417.5983986541583
1696947798,464.21313863763714
1696947799,362.20643672921346
1696947800,382.47324163244315
1696947801,429.6622636607326
1696947802,416.1635296131805
1696947803,395.42718592983374
1696947804,418.6034161990436
1696947805,441.5485782778517
1696947806,409.4943541786695
1696947807,407.08643583790376
1696947808,430.5596139866604
1696947809,404.9956646539852
1696947810,447.6090401596772
1696947811,474.35774591008607
1696947812,386.9895187338879
1696947813,376.4992340164785
1696947814,425.3737993829235
1696947815,375.8793087536074
1696947816,375.5893422980605
1696947817,353.41271577917365
1696947818,403.6435436839548
1696947819,414.3436242485158
1696947820,400.03466588128856
1696947821,457.4877732837429
1696947822,455.4766180113835
1696947823,474.0875411428749
1696947824,417.8402984224557
1696947825,452.1812384219899
1696947826,426.1544683525035
1696947827,423.3625804866997
1696947828,403.3117510744695
1696947829,349.6611518329012
1696947830,436.89652142819745
1696947831,452.6240870958407
1696947832,372.45368437327477
1696947833,418.1534845789662
1696947834,448.4160817191037
1696947835,408.1039255895264
1696947836,454.90422131107914
1696947837,415.1248423326123
1696947838,403.8007996346077
1696947839,457.2863851660148
1696947840,391.9873879157971
1696947841,398.4751012674784
1696947842,393.5780679029253
1696947843,386.38880858204874
1696947844,425.4799064101206
1696947845,405.723073057756
1696947846,435.99172622582705
1696947847,369.5163454896098
1696947848,388.10133506264526
1696947849,423.5473726857911
1696947850,466.31264013833373
1696947851,433.79950891197007
1696947852,404.98494882115335
1696947853,378.20294828748
1696947854,403.6757296589283
1696947855,422.0588096570487
1696947856,352.82479873426286
1696947857,387.3766756703403
1696947858,401.87332106059085
1696947859,416.4999640066734
1696947860,422.8143500519833
1696947861,406.3406333204526
1696947862,440.0650843549764
1696947863,428.85231820202506
1696947864,414.23143479817793
1696947865,444.86881698369353
1696947866,442.6359962730818
1696947867,382.3860434776118
1696947868,425.2613951474629
1696947869,453.1522603884605
1696947870,458.39134504573195
1696947871,438.0161526079475
1696947872,420.1124542587193
1696947873,439.9729271603064
1696947874,451.78875849430904
1696947875,431.2527362480647
1696947876,434.8581243673526
1696947877,420.72812759216265
1696947878,388.3408884119341
1696947879,423.435743059102
1696947880,408.5754705124729
1696947881,408.89346978121984
1696947882,472.348368008138
1696947883,458.10227688747057
1696947884,378.97280505272556
1696947885,397.4536367117098
1696947886,419.3153608856452
1696947887,411.2254775403656
1696947888,440.1892148717804
1696947889,393.5813365546729
1696947890,459.86706995006955
1696947891,430.01316698507856
1696947892,421.3401942142202
1696947893,431.3481944963046
1696947894,419.4747577945491
1696947895,371.3029451004391
1696947896,432.80222386758874
1696947897,423.0442750076299
1696947898,404.25517850930635
1696947899,466.03400605360855
1696947900,453.4164737351301
1696947901,506.7212567529331
1696947902,458.82263281355137
1696947903,414.6969479890917
1696947904,407.0485408641686
1696947905,419.6152764058538
1696947906,414.66780819630725
1696947907,438.1523898045079
1696947908,388.9471897963411
1696947909,454.75193025471424
1696947910,438.29144663669837
1696947911,451.7517070114386
1696947912,401.6756056891743
1696947913,443.6228853323039
1696947914,475.4197418705335
1696947915,410.85144913366014
1696947916,410.25321766457273
1696947917,458.469835112629
1696947918,408.2618017872058
1696947919,430.55703606083745
1696947920,482.0497581475481
1696947921,411.78993324232124
1696947922,484.5554851884502
1696947923,428.3709921858205
1696947924,405.0306268615011
1696947925,457.00001354256773
1696947926,442.3435551498931
1696947927,439.728741159934
1696947928,416.4940077400046
1696947929,442.7913662913412
1696947930,377.9710833773495
1696947931,446.7851643257654
1696947932,479.36192045002605
1696947933,387.7038057408954
1696947934,428.6856324000722
1696947935,414.87191668666946
1696947936,396.0017123159473
1696947937,379.9693229450785
1696947938,406.3527002680137
1696947939,434.7287015384078
1696947940,476.69633367627824
1696947941,396.7630091507293
1696947942,451.49844944075284
1696947943,449.47813648739935
1696947944,493.26999991330933
1696947945,460.46427726524774
1696947946,462.4135403464669
1696947947,464.75678976931476
1696947948,416.2730395404242
1696947949,427.0375465148089
1696947950,477.9504893125666
1696947951,383.1426709868422
1696947952,424.419556722675
1696947953,405.1868332552511
1696947954,452.36065459451146
1696947955,432.9072979962219
1696947956,464.5568920274393
1696947957,442.7301451786586
1696947958,399.839452613112
1696947959,401.44841526656893
1696947960,446.4852111074941
1696947961,423.7548398718801
1696947962,431.1320955277906
1696947963,475.4857959870067
1696947964,470.3265358615721
1696947965,501.7097929950985
1696947966,438.50993365779806
1696947967,428.9878231886362
1696947968,460.99011337731173
1696947969,431.8428325894674
1696947970,433.0470554981168
1696947971,443.048063293156
1696947972,498.9158020078397
1696947973,470.67452970941434
1696947974,474.0423898461133
1696947975,498.2356301042474
1696947976,477.29821102448193
1696947977,416.50227614039335
1696947978,477.28813759090065
1696947979,481.3165346023466
1696947980,470.66705669190395
1696947981,445.4700771195468
1696947982,467.9455067356081
1696947983,451.17058613884836
1696947984,422.65734871254654
1696947985,430.33321286216744
1696947986,473.5561290114229
1696947987,425.49206128398134
1696947988,428.54228258460097
1696947989,475.7126449106519
1696947990,457.3470052192865
1696947991,470.8713550711874
1696947992,416.9072396811822
1696947993,470.4828852230729
1696947994,434.4213777548999
1696947995,423.9379248780091
1696947996,439.50631990065773
1696947997,495.75083759671327
1696947998,444.17748706264285
1696947999,521.3750547019714
1696948000,393.6902124131111
1696948001,409.3894402083354
1696948002,495.7255571143667
1696948003,503.4903589968942
1696948004,430.5407273287926
1696948005,458.73347516835224
1696948006,478.2545864439872
1696948007,450.22984049016844
1696948008,461.8293460749666
1696948009,457.88354595285125
1696948010,413.33436838819404
1696948011,447.66016142113943
1696948012,458.5931750763182
1696948013,461.53809946768615
1696948014,406.7514834080939
1696948015,481.4997058755092
1696948016,462.99592069799394
1696948017,427.67174669308133
1696948018,513.5274825762651
1696948019,449.3802403292132
1696948020,451.55057853235206
1696948021,479.473499577962
1696948022,516.9644785715402
1696948023,481.09785454800226
1696948024,485.67218398970505
1696948025,431.06245514639915
1696948026,463.9421243944484
1696948027,445.58770377040827
1696948028,482.90167321925605
1696948029,485.90897386529775
1696948030,511.2191077178204
1696948031,397.6941869377705
1696948032,443.749321797177
1696948033,501.89635721645016
1696948034,421.06521570313555
1696948035,487.5028643201435
1696948036,497.57557057999804
1696948037,462.92758241678393
1696948038,421.3560593853042
1696948039,460.576631876215
1696948040,508.2048845682061
1696948041,510.8371879243291
1696948042,471.12530019221964
1696948043,435.79398044966825
1696948044,517.4852491548156
1696948045,490.1832419288468
1696948046,438.4324787174716
1696948047,476.27556913421523
1696948048,475.1246766515669
1696948049,447.3405913979577
1696948050,477.10987110810794
1696948051,500.07449403260534
1696948052,458.2236351481839
1696948053,503.58140608097494
1696948054,414.8949184759506
1696948055,534.3257875714038
1696948056,469.72053809939047
1696948057,500.41285206633086
1696948058,475.0027890404856
1696948059,443.9609881609573
1696948060,467.7975901791038
1696948061,411.8269805740734
1696948062,489.9849412547176
1696948063,475.3684929149002
1696948064,464.03106302373044
1696948065,492.5809871322691
1696948066,471.34792007001795
1696948067,488.6493406129217
1696948068,499.536164033071
1696948069,454.412044704027
1696948070,446.0488026393563
1696948071,419.65653109075924
1696948072,475.2323795203913
1696948073,485.3406964312984
1696948074,432.2915380453288
1696948075,514.8336176630727
1696948076,447.77438030386276
1696948077,409.5616639149016
1696948078,517.7335758856588
1696948079,413.9206611115659
1696948080,502.2586965348361
1696948081,495.18914118183113
1696948082,483.3644008143741
1696948083,458.3167515535031
1696948084,489.30614105798946
1696948085,505.898990655581
1696948086,445.0923517724024
1696948087,504.18009907827343
1696948088,503.0373464692284
1696948089,484.12486606097997
1696948090,459.4163092131222
1696948091,503.84149872324105
1696948092,491.2493886848757
1696948093,445.7434323263852
1696948094,465.423770181397
1696948095,501.2383148192876
1696948096,480.3263074019142
1696948097,509.6905979444708
1696948098,467.0839324638814
1696948099,447.5586967881125
1696948100,543.5858562460799
1696948101,427.57314751760526
1696948102,463.22703430017225
1696948103,486.836884465444
1696948104,508.24918341099794
1696948105,498.28236994515674
1696948106,548.4488812593975
1696948107,475.80537975358936
1696948108,453.36605771503974
1696948109,473.1868970512843
1696948110,470.40070411946925
1696948111,478.173367803518
1696948112,450.9698007574661
1696948113,504.18834781417735
1696948114,492.0137951689752
1696948115,443.19468623888775
1696948116,510.37408560945084
1696948117,457.2111094460204
1696948118,446.2933127086491
1696948119,484.61986111764946
1696948120,429.48691874024286
1696948121,500.1295359407619
1696948122,397.5014567431708
1696948123,452.00800818922977
1696948124,530.3652307437484
1696948125,462.7335570581338
1696948126,468.2079993993666
1696948127,521.9877294016909
1696948128,460.21409184783045
1696948129,507.12536766390645
1696948130,519.6700893962241
1696948131,499.0225760911637
1696948132,441.5419691999611
1696948133,466.9915353346348
1696948134,566.7419266592033
1696948135,470.83984597960836
1696948136,575.3676590450706
1696948137,537.2689215608968
1696948138,501.7943084033888
1696948139,495.3614726193699
1696948140,472.7219660128536
1696948141,484.22151116178503
1696948142,466.4493864153829
1696948143,485.4245412187452
1696948144,446.68970881407597
1696948145,445.30464738610306
1696948146,527.0304698796413
1696948147,439.8529301428397
1696948148,515.0285890492684
1696948149,431.8352007888894
1696948150,507.7780169796566
1696948151,482.88358075681987
1696948152,528.9728194174354
1696948153,479.59572178915323
1696948154,429.4915761226338
1696948155,484.35891142339995
1696948156,495.0120391886599
1696948157,486.4851151834908
1696948158,507.91990129635974
1696948159,473.9572459277172
1696948160,453.2090162347429
1696948161,461.3438668039066
1696948162,476.0825352196694
1696948163,476.04731929032715
1696948164,564.1836707400981
1696948165,529.8753847197147
1696948166,513.0457205749015
1696948167,506.0470419885228
1696948168,501.882055956953
1696948169,502.26112746740296
1696948170,498.23191492573727
1696948171,494.7591280286529
1696948172,431.0218549412518
1696948173,482.9261818078252
1696948174,487.01319806777474
1696948175,471.9752515263431
1696948176,477.98375857980255
1696948177,503.9113594043128
1696948178,518.1388134196098
1696948179,504.31042719088657
1696948180,517.8288827149643
1696948181,518.5810187022184
1696948182,487.00883219416437
1696948183,511.98144609728666
1696948184,444.05327005573406
1696948185,485.1369098609035
1696948186,481.8333412048999
1696948187,543.050915180538
1696948188,507.44595211534374
1696948189,457.5219331209681
1696948190,515.6152919210444
1696948191,525.2935003530349
1696948192,495.53230457603314
1696948193,519.1521223181286
1696948194,423.7954451531927
1696948195,417.90921840591994
1696948196,463.7510340221854
1696948197,503.80452435208326
1696948198,545.5204686438119
1696948199,465.9849471112951
1696948200,474.3896777513619


1696946100,129.6296618562977
1696946110,126.8208455840362
1696946120,130.30684879261165
1696946130,119.0507331241372
1696946140,101.86411545144101
1696946150,134.16457671306256
1696946160,119.25769158664507
1696946170,106.01852796950374
1696946180,142.8285147783195
1696946190,153.78197545199302
1696946200,127.29543385403258
1696946210,157.0763414399741
1696946220,131.5260170745541
1696946230,126.65996849038429
1696946240,124.66362639000016
1696946250,155.2960107878669
1696946260,125.19551010491291
1696946270,146.06642154449634
1696946280,130.50769747675741
1696946290,133.002875377357
1696946300,153.53096576316486
1696946310,136.4487562441572
1696946320,137.31873232133773
1696946330,158.43273116295921
1696946340,165.62899103386397
1696946350,154.44420171247538
1696946360,138.75517950595395
1696946370,141.76960290766976
1696946380,150.55998506303334
1696946390,154.80935603901958
1696946400,138.9582484540982
1696946410,162.23942097937007
1696946420,155.06721849944944
1696946430,132.79860257890857
1696946440,144.06533340012908
1696946450,150.6273478342664
1696946460,157.260518305
1696946470,183.72473638145323
1696946480,163.33825314351188
1696946490,150.35486221778766
1696946500,165.10209367064348
1696946510,158.65244428371798
1696946520,168.38591051280724
1696946530,172.6467371278412
1696946540,181.72557947332146
1696946550,166.65013398518545
1696946560,189.10878814656715
1696946570,180.51639871462172
1696946580,160.44194276874708
1696946590,199.10763960743554
1696946600,175.5336718307954
1696946610,161.28541933921616
1696946620,194.33569265474677
1696946630,200.6241958486515
1696946640,174.0259002009903
1696946650,168.67071387581197
1696946660,173.69208915773098
1696946670,185.90009398666382
1696946680,193.88977935474443
1696946690,185.39159964717913
1696946700,179.96732304503863
1696946710,198.69986830053256
1696946720,175.8398829768024
1696946730,193.85238298893947
1696946740,177.32885538278447
1696946750,187.20416153030857
1696946760,180.67875117736227
1696946770,181.9403959796621
1696946780,178.26554573510518
1696946790,201.06287586847316
1696946800,174.58100219438674
1696946810,174.91712094256104
1696946820,212.41607410885
1696946830,197.98649596511316
1696946840,154.7609026275173
1696946850,178.69711542898355
1696946860,162.86068805320826
1696946870,174.3283910432887
1696946880,146.24963258278584
1696946890,185.41698788280098
1696946900,172.6278390692971
1696946910,188.42282266272022
1696946920,166.77423061187264
1696946930,189.08676050507103
1696946940,182.78335082373093
1696946950,207.75877321568248
1696946960,206.68991711789644
1696946970,198.65846536228554
1696946980,184.305619465354
1696946990,214.31416076936256
1696947000,550.8251521098196
1696947010,552.7755796459118
1696947020,569.8739833153531
1696947030,600.146763974315
1696947040,568.2516898094862
1696947050,568.4231648831613
1696947060,552.0093130922477
1696947070,582.841820226688
1696947080,582.7933926817444
1696947090,580.5018207760606
1696947100,561.9305631220993
1696947110,560.717893952164
1696947120,552.8863099899444
1696947130,570.4840321035867
1696947140,555.1183635248325
1696947150,553.5658064090719
1696947160,563.0195753923148
1696947170,561.8330576917963
1696947180,560.841015451329
1696947190,573.4807086205149
1696947200,568.0576637960409
1696947210,562.875479467848
1696947220,568.5400935781971
1696947230,552.8512958047261
1696947240,566.5847533863393
1696947250,566.6678775731139
1696947260,544.7076061611646
1696947270,576.5534456525306
1696947280,551.6565025863468
1696947290,563.6689251121536
1696947300,576.9887396816657
1696947310,573.2714149965921
1696947320,561.0754782527684
1696947330,555.2708716671692
1696947340,571.5728778468153
1696947350,567.3387617557707
1696947360,549.8613487375849
1696947370,546.8391840875154
1696947380,529.5282222444923
1696947390,557.6190008827848
1696947400,553.7639108452169
1696947410,568.7605047775584
1696947420,557.8664820623426
1696947430,569.6705712829527
1696947440,542.4826380686801
1696947450,565.4067873466124
1696947460,542.9123791700248
1696947470,558.948075384929
1696947480,529.0435628203636
1696947490,550.0707148248615
1696947500,520.3510250339694
1696947510,541.6559517720236
1696947520,549.8538156547827
1696947530,536.4056905184759
1696947540,528.542161459055
1696947550,552.1133470386384
1696947560,538.7782155975028
1696947570,532.7347748358679
1696947580,538.5734460656779
1696947590,571.1463150263228
1696947600,550.846713338914
1696947610,549.8793838066308
1696947620,539.3594705244249
1696947630,534.7655883056759
1696947640,500.4316240093508
1696947650,521.5638919804541
1696947660,523.0003948860879
1696947670,503.78189020240166
1696947680,511.92920306023996
1696947690,500.09403468478996
1696947700,524.1048020408819
1696947710,534.0379773656324
1696947720,536.58709621057
1696947730,526.4259371803148
1696947740,507.36340716955914
1696947750,493.60312046214165
1696947760,494.6646365849154
1696947770,499.774069047514
1696947780,503.4815993830059
1696947790,511.7083301153465
1696947800,499.40406787846734
1696947810,515.7117809051205
1696947820,507.0707731699787
1696947830,508.97918050761734
1696947840,522.381291228202
1696947850,491.0574114270671
1696947860,510.5377566656693
1696947870,503.6813903031174
1696947880,498.2907785536543
1696947890,512.8393042083871
1696947900,511.5083581593135
"